# File generated by CMD 3.9 (http://stev.oapd.inaf.it/cmd) on Fri Sep  4 01:02:08 UTC 2026
# isochrones based on PARSEC release v1.2S +  COLIBRI S_37 + S_35 + PR16
# Basic references: Bressan et al. (2012), MNRAS, 427, 127 + Chen et al. (2014, 2015), MNRAS, 444, 2525 + MNRAS, 452, 1068 + Tang et al. (2014), MNRAS, 445, 4287 + Marigo et al. (2017), ApJ, 835, 77 + Pastorelli al. (2019), MNRAS, 485, 5666 + Pastorelli al. (2020), MNRAS, in press
# Thermal pulse cycles included 
# On RGB, assumed Reimers mass loss with efficiency eta=0.2
# LPV periods and growth rates added cf. Trabucchi et al. (2019)
# but fundamental-mode LPV periods + transition are from Trabucchi et al. (2021)
# Photometric system: JWST NIRCam wide+verywide + MIRI wide filters, Vegamags
# Using YBC version of bolometric corrections as in Chen et al. (2019)
# O-rich circumstellar dpmod60alox40 dust from Groenewegen (2006)
# C-rich circumstellar AMCSIC15 dust from Groenewegen (2006)
# IMF: Kroupa (2001, 2002) + Kroupa et al. (2013) canonical two-part-power law IMF corrected for unresolved binaries 
# Kind of output: isochrone tables
# Zini     MH   logAge Mini        int_IMF         Mass   logL    logTe  logg  label   McoreTP C_O  period0  period1  period2  period3  period4  pmode  Mloss  tau1m   X   Y   Xc  Xn  Xo  Cexcess  Z 	 mbolmag  F070Wmag  F090Wmag  F115Wmag  F150Wmag  F200Wmag  F277Wmag  F356Wmag  F444Wmag  F150W2mag  F322W2mag  F560Wmag  F770Wmag  F1000Wmag  F1130Wmag  F1280Wmag  F1500Wmag  F1800Wmag  F2100Wmag  F2550Wmag
0.02 0.14251 6.00000 0.0900000036 1.0816895926    0.090 -1.336  3.4330  3.412    0  0.000  0.545     0.00     0.00     0.00     0.00     0.00 -1 -3.85e-14      0.00 6.960e-01 2.840e-01 3.596e-03 9.702e-04 8.799e-03 -1.000 2.000e-02 8.109 9.775 7.521 6.292 5.783 5.351 5.127 4.674 4.502 5.765 4.902 4.460 4.383 4.472 4.623 4.279 3.912 3.797 3.965 3.513
0.02 0.14251 6.00000 0.1000000015 1.1711064122    0.100 -1.247  3.4398  3.396    0  0.000  0.545     0.00     0.00     0.00     0.00     0.00 -1 -4.56e-14      0.00 6.960e-01 2.840e-01 3.596e-03 9.702e-04 8.799e-03 -1.000 2.000e-02 7.887 9.453 7.268 6.074 5.557 5.137 4.927 4.484 4.315 5.548 4.707 4.276 4.203 4.296 4.448 4.104 3.737 3.622 3.791 3.338
0.02 0.14251 6.00000 0.1031653136 1.1970161711    0.103 -1.219  3.4419  3.390    0  0.000  0.545     0.00     0.00     0.00     0.00     0.00 -1 -4.82e-14      0.00 6.960e-01 2.840e-01 3.596e-03 9.702e-04 8.799e-03 -1.000 2.000e-02 7.817 9.354 7.189 6.005 5.485 5.070 4.864 4.424 4.256 5.479 4.646 4.218 4.146 4.241 4.393 4.049 3.682 3.568 3.736 3.284
0.02 0.14251 6.00000 0.1200000048 1.3193154741    0.120 -1.078  3.4523  3.356    0  0.000  0.545     0.00     0.00     0.00     0.00     0.00 -1 -6.43e-14      0.00 6.960e-01 2.840e-01 3.596e-03 9.702e-04 8.799e-03 -1.000 2.000e-02 7.465 8.869 6.797 5.661 5.124 4.727 4.548 4.121 3.958 5.132 4.336 3.925 3.860 3.962 4.116 3.772 3.405 3.291 3.460 3.007
0.02 0.14251 6.00000 0.1400000006 1.4384526719    0.140 -0.945  3.4623  3.330    0  0.000  0.545     0.00     0.00     0.00     0.00     0.00 -1 -8.33e-14      0.00 6.960e-01 2.840e-01 3.596e-03 9.702e-04 8.799e-03 -1.000 2.000e-02 7.132 8.427 6.436 5.340 4.779 4.399 4.251 3.836 3.679 4.801 4.046 3.652 3.593 3.703 3.860 3.516 3.149 3.034 3.203 2.751
0.02 0.14251 6.00000 0.1524243802 1.5018464733    0.152 -0.872  3.4680  3.317    0  0.000  0.545     0.00     0.00     0.00     0.00     0.00 -1 -9.57e-14      0.00 6.960e-01 2.840e-01 3.596e-03 9.702e-04 8.799e-03 -1.000 2.000e-02 6.951 8.197 6.241 5.167 4.589 4.215 4.091 3.681 3.529 4.619 3.889 3.506 3.451 3.565 3.723 3.379 3.012 2.898 3.068 2.616
0.02 0.14251 6.00000 0.1614644378 1.5438940441    0.161 -0.828  3.4716  3.313    0  0.000  0.545     0.00     0.00     0.00     0.00     0.00 -1 -1.03e-13      0.00 6.960e-01 2.840e-01 3.596e-03 9.702e-04 8.799e-03 -1.000 2.000e-02 6.841 8.056 6.124 5.062 4.474 4.104 3.994 3.588 3.439 4.509 3.794 3.418 3.365 3.482 3.641 3.297 2.930 2.816 2.986 2.534
0.02 0.14251 6.00000 0.1669242382 1.5678344052    0.167 -0.821  3.4731  3.326    0  0.000  0.545     0.00     0.00     0.00     0.00     0.00 -1 -1.02e-13      0.00 6.960e-01 2.840e-01 3.596e-03 9.702e-04 8.799e-03 -1.000 2.000e-02 6.822 8.018 6.099 5.046 4.454 4.084 3.979 3.575 3.428 4.491 3.780 3.408 3.356 3.474 3.633 3.289 2.922 2.808 2.978 2.526
0.02 0.14251 6.00000 0.1713812500 1.5866352915    0.171 -0.806  3.4749  3.330    0  0.000  0.545     0.00     0.00     0.00     0.00     0.00 -1 -1.04e-13      0.00 6.960e-01 2.840e-01 3.596e-03 9.702e-04 8.799e-03 -1.000 2.000e-02 6.786 7.965 6.059 5.013 4.416 4.048 3.949 3.547 3.401 4.455 3.751 3.382 3.331 3.450 3.610 3.266 2.899 2.785 2.955 2.503
0.02 0.14251 6.00000 0.1765743494 1.6077552272    0.177 -0.781  3.4773  3.328    0  0.000  0.545     0.00     0.00     0.00     0.00     0.00 -1 -1.08e-13      0.00 6.960e-01 2.840e-01 3.596e-03 9.702e-04 8.799e-03 -1.000 2.000e-02 6.723 7.883 5.992 4.955 4.350 3.984 3.894 3.496 3.352 4.392 3.698 3.334 3.284 3.406 3.566 3.222 2.855 2.741 2.911 2.460
0.02 0.14251 6.00000 0.1840992719 1.6369662180    0.184 -0.738  3.4811  3.318    0  0.000  0.545     0.00     0.00     0.00     0.00     0.00 -1 -1.19e-13      0.00 6.960e-01 2.840e-01 3.596e-03 9.702e-04 8.799e-03 -1.000 2.000e-02 6.615 7.746 5.879 4.854 4.236 3.871 3.797 3.403 3.264 4.283 3.604 3.248 3.199 3.325 3.485 3.141 2.775 2.661 2.831 2.380
0.02 0.14251 6.00000 0.1981275231 1.6874877478    0.198 -0.655  3.4880  3.293    0  0.000  0.545     0.00     0.00     0.00     0.00     0.00 -1 -1.43e-13      0.00 6.960e-01 2.840e-01 3.596e-03 9.702e-04 8.799e-03 -1.000 2.000e-02 6.406 7.491 5.668 4.661 4.016 3.650 3.602 3.220 3.089 4.071 3.415 3.075 3.026 3.161 3.322 2.978 2.611 2.498 2.668 2.216
0.02 0.14251 6.00000 0.2032556087 1.7048083293    0.203 -0.646  3.4893  3.302     0  0.000  0.545     0.00     0.00     0.00     0.00     0.00 -1 -1.42e-13      0.00 6.960e-01 2.840e-01 3.596e-03 9.702e-04 8.799e-03 -1.000 2.000e-02 6.385 7.453 5.644 4.643 3.995 3.629 3.583 3.205 3.075 4.052 3.398 3.060 3.012 3.148 3.310 2.966 2.599 2.486 2.656 2.204
0.02 0.14251 6.00000 0.2126400620 1.7350801262    0.213 -0.648  3.4912  3.331    0  0.000  0.545     0.00     0.00     0.00     0.00     0.00 -1 -1.34e-13      0.00 6.960e-01 2.840e-01 3.596e-03 9.702e-04 8.799e-03 -1.000 2.000e-02 6.391 7.428 5.641 4.653 4.002 3.636 3.590 3.218 3.090 4.060 3.408 3.074 3.026 3.165 3.327 2.983 2.616 2.502 2.673 2.221
0.02 0.14251 6.00000 0.2219859809 1.7635490046    0.222 -0.637  3.4940  3.350    0  0.000  0.545     0.00     0.00     0.00     0.00     0.00 -1 -1.31e-13      0.00 6.960e-01 2.840e-01 3.596e-03 9.702e-04 8.799e-03 -1.000 2.000e-02 6.363 7.372 5.606 4.633 3.975 3.608 3.568 3.201 3.077 4.035 3.389 3.062 3.015 3.156 3.318 2.974 2.608 2.494 2.665 2.214
0.02 0.14251 6.00000 0.2312120199 1.7901641806    0.231 -0.614  3.4974  3.358    0  0.000  0.545     0.00     0.00     0.00     0.00     0.00 -1 -1.35e-13      0.00 6.960e-01 2.840e-01 3.596e-03 9.702e-04 8.799e-03 -1.000 2.000e-02 6.305 7.285 5.542 4.583 3.915 3.546 3.517 3.156 3.037 3.978 3.341 3.023 2.977 3.121 3.285 2.941 2.574 2.461 2.632 2.181
0.02 0.14251 6.00000 0.2403173000 1.8151107845    0.240 -0.578  3.5015  3.354    0  0.000  0.545     0.00     0.00     0.00     0.00     0.00 -1 -1.44e-13      0.00 6.960e-01 2.840e-01 3.596e-03 9.702e-04 8.799e-03 -1.000 2.000e-02 6.214 7.165 5.446 4.502 3.820 3.448 3.435 3.079 2.968 3.887 3.262 2.956 2.911 3.058 3.223 2.879 2.513 2.400 2.572 2.121
0.02 0.14251 6.00000 0.2478764355 1.8349056652    0.248 -0.538  3.5053  3.343    0  0.000  0.545     0.00     0.00     0.00     0.00     0.00 -1 -1.58e-13      0.00 6.960e-01 2.840e-01 3.596e-03 9.702e-04 8.799e-03 -1.000 2.000e-02 6.114 7.039 5.343 4.412 3.716 3.340 3.343 2.993 2.890 3.786 3.173 2.878 2.835 2.985 3.151 2.807 2.441 2.328 2.501 2.051
0.02 0.14251 6.00000 0.2552109063 1.8533760993    0.255 -0.517  3.5078  3.346    0  0.000  0.545     0.00     0.00     0.00     0.00     0.00 -1 -1.62e-13      0.00 6.960e-01 2.840e-01 3.596e-03 9.702e-04 8.799e-03 -1.000 2.000e-02 6.064 6.967 5.289 4.368 3.664 3.287 3.297 2.952 2.853 3.736 3.130 2.842 2.799 2.951 3.118 2.774 2.408 2.296 2.469 2.019
0.02 0.14251 6.00000 0.2707603276 1.8903462815    0.271 -0.506  3.5112  3.373    0  0.000  0.545     0.00     0.00     0.00     0.00     0.00 -1 -1.57e-13      0.00 6.960e-01 2.840e-01 3.596e-03 9.702e-04 8.799e-03 -1.000 2.000e-02 6.035 6.894 5.250 4.348 3.638 3.259 3.273 2.936 2.843 3.712 3.110 2.832 2.789 2.945 3.112 2.768 2.402 2.290 2.464 2.014
0.02 0.14251 6.00000 0.2864114344 1.9248708919    0.286 -0.497  3.5148  3.403    0  0.000  0.545     0.00     0.00     0.00     0.00     0.00 -1  -1.5e-13      0.00 6.960e-01 2.840e-01 3.596e-03 9.702e-04 8.799e-03 -1.000 2.000e-02 6.012 6.824 5.217 4.336 3.620 3.238 3.255 2.928 2.841 3.695 3.097 2.829 2.785 2.945 3.113 2.769 2.403 2.292 2.466 2.017
0.02 0.14251 6.00000 0.3087045550 1.9700243877    0.309 -0.465  3.5211  3.429    0  0.000  0.545     0.00     0.00     0.00     0.00     0.00 -1 -1.51e-13      0.00 6.960e-01 2.840e-01 3.596e-03 9.702e-04 8.799e-03 -1.000 2.000e-02 5.933 6.676 5.126 4.274 3.544 3.157 3.184 2.873 2.798 3.623 3.035 2.784 2.740 2.906 3.076 2.732 2.366 2.255 2.432 1.983
0.02 0.14251 6.00000 0.3328746259 2.0144219026    0.333 -0.432  3.5272  3.453    0  0.000  0.545     0.00     0.00     0.00     0.00     0.00 -1 -1.53e-13      0.00 6.960e-01 2.840e-01 3.596e-03 9.702e-04 8.799e-03 -1.000 2.000e-02 5.851 6.531 5.032 4.209 3.468 3.075 3.110 2.814 2.751 3.549 2.968 2.737 2.692 2.863 3.035 2.691 2.326 2.216 2.394 1.946
0.02 0.14251 6.00000 0.3593549728 2.0584889644    0.359 -0.401  3.5337  3.481    0  0.000  0.545     0.00     0.00     0.00     0.00     0.00 -1 -1.53e-13      0.00 6.960e-01 2.840e-01 3.596e-03 9.702e-04 8.799e-03 -1.000 2.000e-02 5.772 6.389 4.941 4.147 3.396 3.000 3.040 2.760 2.710 3.480 2.907 2.696 2.650 2.825 2.999 2.656 2.291 2.182 2.362 1.915
0.02 0.14251 6.00000 0.3925658464 2.1081342325    0.392 -0.353  3.5420  3.505    0  0.000  0.545     0.00     0.00     0.00     0.00     0.00 -1 -1.59e-13      0.00 6.960e-01 2.840e-01 3.596e-03 9.702e-04 8.799e-03 -1.000 2.000e-02 5.653 6.194 4.809 4.050 3.288 2.887 2.933 2.675 2.641 3.375 2.811 2.626 2.579 2.760 2.937 2.594 2.229 2.121 2.304 1.857
0.02 0.14251 6.00000 0.4000000358 2.1185024810    0.400 -0.344  3.5437  3.511    0  0.000  0.545     0.00     0.00     0.00     0.00     0.00 -1  -1.6e-13      0.00 6.960e-01 2.840e-01 3.596e-03 9.702e-04 8.799e-03 -1.000 2.000e-02 5.630 6.154 4.784 4.031 3.268 2.866 2.912 2.659 2.628 3.355 2.793 2.613 2.565 2.748 2.925 2.582 2.217 2.109 2.293 1.847
0.02 0.14251 6.00000 0.4237251282 2.1499849806    0.424 -0.309  3.5498  3.525    0  0.000  0.545     0.00     0.00     0.00     0.00     0.00 -1 -1.65e-13      0.00 6.960e-01 2.840e-01 3.596e-03 9.702e-04 8.799e-03 -1.000 2.000e-02 5.543 6.010 4.688 3.959 3.190 2.787 2.834 2.596 2.577 3.280 2.722 2.561 2.511 2.698 2.877 2.534 2.169 2.063 2.248 1.803
0.02 0.14251 6.00000 0.4621567726 2.1964051562    0.462 -0.254  3.5592  3.546    0  0.000  0.545     0.00     0.00     0.00     0.00     0.00 -1 -1.75e-13      0.00 6.960e-01 2.840e-01 3.596e-03 9.702e-04 8.799e-03 -1.000 2.000e-02 5.406 5.776 4.539 3.847 3.075 2.672 2.712 2.502 2.498 3.167 2.614 2.480 2.425 2.619 2.800 2.457 2.093 1.988 2.177 1.733
0.02 0.14251 6.00000 0.4879982173 2.2248853448    0.488 -0.218  3.5654  3.558    0  0.000  0.545     0.00     0.00     0.00     0.00     0.00 -1 -1.83e-13      0.00 6.960e-01 2.840e-01 3.596e-03 9.702e-04 8.799e-03 -1.000 2.000e-02 5.314 5.618 4.440 3.771 3.000 2.599 2.634 2.441 2.445 3.094 2.545 2.427 2.369 2.567 2.749 2.407 2.043 1.939 2.129 1.686
0.02 0.14251 6.00000 0.5000000000 2.2374541529    0.500 -0.203  3.5681  3.564    0  0.000  0.545     0.00     0.00     0.00     0.00     0.00 -1 -1.86e-13      0.00 6.960e-01 2.840e-01 3.596e-03 9.702e-04 8.799e-03 -1.000 2.000e-02 5.277 5.552 4.400 3.741 2.970 2.570 2.603 2.417 2.425 3.065 2.517 2.406 2.346 2.547 2.730 2.387 2.023 1.919 2.110 1.667
0.02 0.14251 6.00000 0.5026745200 2.2401943419    0.503 -0.199  3.5686  3.565    0  0.000  0.545     0.00     0.00     0.00     0.00     0.00 -1 -1.87e-13      0.00 6.960e-01 2.840e-01 3.596e-03 9.702e-04 8.799e-03 -1.000 2.000e-02 5.269 5.537 4.391 3.734 2.963 2.564 2.596 2.411 2.420 3.058 2.511 2.401 2.341 2.542 2.725 2.382 2.019 1.915 2.106 1.663
0.02 0.14251 6.00000 0.5175975561 2.2548878886    0.518 -0.179  3.5719  3.570    0  0.000  0.545     0.00     0.00     0.00     0.00     0.00 -1 -1.92e-13      0.00 6.960e-01 2.840e-01 3.596e-03 9.702e-04 8.799e-03 -1.000 2.000e-02 5.217 5.452 4.336 3.691 2.921 2.524 2.553 2.377 2.390 3.018 2.472 2.370 2.309 2.512 2.695 2.353 1.989 1.886 2.078 1.635
0.02 0.14251 6.00000 0.5332933068 2.2693263476    0.533 -0.158  3.5754  3.576    0  0.000  0.545     0.00     0.00     0.00     0.00     0.00 -1 -1.97e-13      0.00 6.960e-01 2.840e-01 3.596e-03 9.702e-04 8.799e-03 -1.000 2.000e-02 5.165 5.363 4.281 3.647 2.881 2.486 2.511 2.345 2.361 2.978 2.434 2.341 2.278 2.484 2.668 2.325 1.962 1.859 2.052 1.610
0.02 0.14251 6.00000 0.5497626066 2.2834616098    0.549 -0.137  3.5793  3.584    0  0.000  0.545     0.00     0.00     0.00     0.00     0.00 -1 -2.02e-13      0.00 6.960e-01 2.840e-01 3.596e-03 9.702e-04 8.799e-03 -1.000 2.000e-02 5.112 5.270 4.225 3.604 2.840 2.449 2.468 2.312 2.334 2.939 2.397 2.313 2.248 2.456 2.641 2.298 1.935 1.833 2.027 1.585
0.02 0.14251 6.00000 0.5500000119 2.2836582633    0.550 -0.136  3.5793  3.584    0  0.000  0.545     0.00     0.00     0.00     0.00     0.00 -1 -2.02e-13      0.00 6.960e-01 2.840e-01 3.596e-03 9.702e-04 8.799e-03 -1.000 2.000e-02 5.111 5.268 4.224 3.603 2.839 2.448 2.468 2.312 2.333 2.938 2.396 2.313 2.248 2.456 2.640 2.298 1.935 1.832 2.027 1.585
0.02 0.14251 6.00000 0.5689064264 2.2987152852    0.569 -0.111  3.5833  3.590    0  0.000  0.545     0.00     0.00     0.00     0.00     0.00 -1 -2.09e-13      0.00 6.960e-01 2.840e-01 3.596e-03 9.702e-04 8.799e-03 -1.000 2.000e-02 5.049 5.169 4.161 3.551 2.790 2.402 2.419 2.272 2.298 2.890 2.352 2.277 2.211 2.421 2.606 2.263 1.900 1.798 1.994 1.552
0.02 0.14251 6.00000 0.5890488625 2.3135399826    0.589 -0.086  3.5877  3.597    0  0.000  0.545     0.00     0.00     0.00     0.00     0.00 -1 -2.16e-13      0.00 6.960e-01 2.840e-01 3.596e-03 9.702e-04 8.799e-03 -1.000 2.000e-02 4.984 5.064 4.096 3.497 2.739 2.356 2.370 2.233 2.262 2.841 2.308 2.242 2.174 2.387 2.572 2.230 1.867 1.765 1.962 1.521
0.02 0.14251 6.00000 0.6000000238 2.3211213258    0.600 -0.072  3.5902  3.601    0  0.000  0.545     0.00     0.00     0.00     0.00     0.00 -1  -2.2e-13      0.00 6.960e-01 2.840e-01 3.596e-03 9.702e-04 8.799e-03 -1.000 2.000e-02 4.950 5.008 4.061 3.469 2.713 2.332 2.345 2.213 2.244 2.815 2.285 2.225 2.155 2.370 2.555 2.213 1.850 1.749 1.946 1.505
0.02 0.14251 6.00000 0.6055800319 2.3248632447    0.605 -0.066  3.5912  3.602    0  0.000  0.545     0.00     0.00     0.00     0.00     0.00 -1 -2.22e-13      0.00 6.960e-01 2.840e-01 3.596e-03 9.702e-04 8.799e-03 -1.000 2.000e-02 4.934 4.983 4.045 3.456 2.701 2.321 2.333 2.204 2.236 2.803 2.274 2.216 2.147 2.361 2.547 2.204 1.842 1.740 1.938 1.497
0.02 0.14251 6.00000 0.6302815080 2.3405167120    0.630 -0.035  3.5960  3.609    0  0.000  0.545     0.00     0.00     0.00     0.00     0.00 -1 -2.31e-13      0.00 6.960e-01 2.840e-01 3.596e-03 9.702e-04 8.799e-03 -1.000 2.000e-02 4.858 4.864 3.969 3.392 2.643 2.270 2.278 2.158 2.193 2.747 2.224 2.174 2.103 2.320 2.506 2.164 1.801 1.700 1.898 1.458
0.02 0.14251 6.00000 0.6499999762 2.3520353107    0.650 -0.012  3.6001  3.615    0  0.000  0.545     0.00     0.00     0.00     0.00     0.00 -1 -2.39e-13      0.00 6.960e-01 2.840e-01 3.596e-03 9.702e-04 8.799e-03 -1.000 2.000e-02 4.800 4.770 3.911 3.344 2.600 2.232 2.237 2.125 2.163 2.705 2.186 2.144 2.072 2.291 2.477 2.135 1.772 1.672 1.871 1.431
0.02 0.14251 6.00000 0.6500022411 2.3520365877    0.650 -0.012  3.6001  3.615    0  0.000  0.545     0.00     0.00     0.00     0.00     0.00 -1 -2.39e-13      0.00 6.960e-01 2.840e-01 3.596e-03 9.702e-04 8.799e-03 -1.000 2.000e-02 4.800 4.770 3.911 3.344 2.600 2.232 2.237 2.125 2.163 2.705 2.186 2.144 2.072 2.291 2.477 2.135 1.772 1.672 1.871 1.431
0.02 0.14251 6.00000 0.6709224582 2.3634098007    0.671  0.013  3.6037  3.619    0  0.000  0.545     0.00     0.00     0.00     0.00     0.00 -1 -2.48e-13      0.00 6.960e-01 2.840e-01 3.596e-03 9.702e-04 8.799e-03 -1.000 2.000e-02 4.739 4.681 3.850 3.291 2.551 2.188 2.192 2.086 2.126 2.658 2.144 2.107 2.035 2.256 2.441 2.099 1.737 1.636 1.836 1.396
0.02 0.14251 6.00000 0.6927295327 2.3744281989    0.693  0.038  3.6078  3.624    0  0.000  0.545     0.00     0.00     0.00     0.00     0.00 -1 -2.57e-13      0.00 6.960e-01 2.840e-01 3.596e-03 9.702e-04 8.799e-03 -1.000 2.000e-02 4.676 4.587 3.788 3.237 2.503 2.145 2.148 2.049 2.090 2.611 2.103 2.073 2.000 2.222 2.407 2.065 1.703 1.603 1.803 1.364
0.02 0.14251 6.00000 0.7000000477 2.3779267258    0.700  0.045  3.6093  3.627    0  0.000  0.545     0.00     0.00     0.00     0.00     0.00 -1 -2.59e-13      0.00 6.960e-01 2.840e-01 3.596e-03 9.702e-04 8.799e-03 -1.000 2.000e-02 4.657 4.558 3.770 3.222 2.489 2.134 2.135 2.039 2.081 2.598 2.092 2.064 1.991 2.213 2.399 2.057 1.694 1.595 1.795 1.356
0.02 0.14251 6.00000 0.7500000000 2.3998889087    0.750  0.128  3.6299  3.657    0  0.000  0.538     0.00     0.00     0.00     0.00     0.00 -1 -2.93e-13      0.00 6.960e-01 2.840e-01 3.549e-03 9.690e-04 8.801e-03 -1.000 2.000e-02 4.450 4.210 3.567 3.062 2.370 2.046 2.039 1.969 2.015 2.483 2.007 2.000 1.929 2.156 2.341 1.999 1.637 1.538 1.741 1.303
0.02 0.14251 6.00000 0.7684954405 2.4071850606    0.768  0.144  3.6320  3.660    0  0.000  0.538     0.00     0.00     0.00     0.00     0.00 -1 -2.99e-13      0.00 6.960e-01 2.840e-01 3.549e-03 9.690e-04 8.801e-03 -1.000 2.000e-02 4.411 4.160 3.528 3.027 2.341 2.021 2.012 1.944 1.989 2.454 1.981 1.975 1.905 2.131 2.317 1.975 1.613 1.514 1.717 1.279
0.02 0.14251 6.00000 0.8000000119 2.4187244405    0.800  0.171  3.6355  3.664    0  0.000  0.538     0.00     0.00     0.00     0.00     0.00 -1  -3.1e-13      0.00 6.960e-01 2.840e-01 3.549e-03 9.690e-04 8.801e-03 -1.000 2.000e-02 4.343 4.073 3.461 2.967 2.290 1.975 1.965 1.900 1.945 2.403 1.936 1.932 1.862 2.089 2.274 1.932 1.570 1.472 1.675 1.236
0.02 0.14251 6.00000 0.8136671185 2.4234119549    0.813  0.182  3.6369  3.666    0  0.000  0.538     0.00     0.00     0.00     0.00     0.00 -1 -3.15e-13      0.00 6.960e-01 2.840e-01 3.549e-03 9.690e-04 8.801e-03 -1.000 2.000e-02 4.315 4.038 3.433 2.943 2.269 1.957 1.946 1.882 1.927 2.382 1.917 1.914 1.844 2.071 2.256 1.914 1.552 1.454 1.657 1.219
0.02 0.14251 6.00000 0.8500000238 2.4350346840    0.850  0.213  3.6407  3.669    0  0.000  0.538     0.00     0.00     0.00     0.00     0.00 -1  -3.3e-13      0.00 6.960e-01 2.840e-01 3.549e-03 9.690e-04 8.801e-03 -1.000 2.000e-02 4.238 3.941 3.356 2.873 2.210 1.904 1.891 1.830 1.875 2.322 1.864 1.862 1.794 2.021 2.206 1.864 1.502 1.404 1.607 1.169
0.02 0.14251 6.00000 0.8525436521 2.4358058140    0.852  0.215  3.6409  3.669    0  0.000  0.538     0.00     0.00     0.00     0.00     0.00 -1 -3.31e-13      0.00 6.960e-01 2.840e-01 3.549e-03 9.690e-04 8.801e-03 -1.000 2.000e-02 4.233 3.935 3.351 2.869 2.206 1.901 1.888 1.827 1.872 2.319 1.861 1.859 1.791 2.018 2.203 1.861 1.499 1.401 1.604 1.166
0.02 0.14251 6.00000 0.8999999762 2.4492786016    0.899  0.252  3.6454  3.673    0  0.000  0.538     0.00     0.00     0.00     0.00     0.00 -1  -3.5e-13      0.00 6.960e-01 2.840e-01 3.549e-03 9.690e-04 8.801e-03 -1.000 2.000e-02 4.139 3.822 3.258 2.785 2.134 1.836 1.822 1.765 1.809 2.247 1.797 1.796 1.730 1.957 2.142 1.800 1.438 1.339 1.543 1.104
0.02 0.14251 6.00000 0.9499999881 2.4618121868    0.950  0.290  3.6498  3.676    0  0.000  0.538     0.00     0.00     0.00     0.00     0.00 -1  -3.7e-13      0.00 6.960e-01 2.840e-01 3.549e-03 9.690e-04 8.801e-03 -1.000 2.000e-02 4.044 3.709 3.164 2.700 2.061 1.770 1.755 1.701 1.744 2.174 1.731 1.732 1.667 1.894 2.079 1.737 1.375 1.277 1.480 1.042
0.02 0.14251 6.00000 0.9660435319 2.4655190383    0.966  0.302  3.6511  3.678    0  0.000  0.538     0.00     0.00     0.00     0.00     0.00 -1 -3.76e-13      0.00 6.960e-01 2.840e-01 3.549e-03 9.690e-04 8.801e-03 -1.000 2.000e-02 4.016 3.676 3.136 2.674 2.039 1.751 1.735 1.682 1.724 2.152 1.711 1.713 1.648 1.876 2.060 1.718 1.356 1.258 1.461 1.023
0.02 0.14251 6.00000 1.0000000000 2.4729154477    1.000  0.328  3.6539  3.677    0  0.000  0.538     0.00     0.00     0.00     0.00     0.00 -1 -3.93e-13      0.00 6.960e-01 2.840e-01 3.549e-03 9.690e-04 8.801e-03 -1.000 2.000e-02 3.950 3.601 3.070 2.614 1.987 1.703 1.687 1.635 1.677 2.099 1.664 1.666 1.602 1.829 2.014 1.672 1.310 1.211 1.415 0.976
0.02 0.14251 6.00000 1.0203754902 2.4770828828    1.020  0.341  3.6554  3.679    0  0.000  0.538     0.00     0.00     0.00     0.00     0.00 -1 -3.88e-13      0.00 6.960e-01 2.840e-01 3.549e-03 9.690e-04 8.801e-03 -1.000 2.000e-02 3.917 3.564 3.038 2.585 1.962 1.681 1.665 1.613 1.655 2.074 1.642 1.644 1.581 1.808 1.992 1.650 1.288 1.190 1.393 0.955
0.02 0.14251 6.00000 1.0499999523 2.4828114860    1.050  0.360  3.6577  3.681    0  0.000  0.538     0.00     0.00     0.00     0.00     0.00 -1 -3.82e-13      0.00 6.960e-01 2.840e-01 3.549e-03 9.690e-04 8.801e-03 -1.000 2.000e-02 3.869 3.508 2.990 2.541 1.925 1.648 1.631 1.581 1.622 2.038 1.609 1.612 1.549 1.776 1.960 1.618 1.256 1.158 1.361 0.923
0.02 0.14251 6.00000 1.1000000238 2.4916801480    1.099  0.392  3.6612  3.684    0  0.000  0.538     0.00     0.00     0.00     0.00     0.00 -1  -3.7e-13      0.00 6.960e-01 2.840e-01 3.549e-03 9.690e-04 8.801e-03 -1.000 2.000e-02 3.789 3.418 2.911 2.470 1.864 1.592 1.575 1.526 1.566 1.976 1.553 1.556 1.495 1.722 1.906 1.564 1.202 1.104 1.307 0.869
0.02 0.14251 6.00000 1.1012103558 2.4918833751    1.101  0.393  3.6613  3.684    0  0.000  0.538     0.00     0.00     0.00     0.00     0.00 -1  -3.7e-13      0.00 6.960e-01 2.840e-01 3.549e-03 9.690e-04 8.801e-03 -1.000 2.000e-02 3.787 3.416 2.909 2.468 1.862 1.591 1.574 1.525 1.565 1.974 1.552 1.555 1.494 1.721 1.905 1.563 1.201 1.103 1.306 0.868
0.02 0.14251 6.00000 1.1499999762 2.4996678137    1.149  0.423  3.6645  3.685    0  0.000  0.538     0.00     0.00     0.00     0.00     0.00 -1 -3.55e-13      0.00 6.960e-01 2.840e-01 3.549e-03 9.690e-04 8.801e-03 -1.000 2.000e-02 3.712 3.332 2.835 2.400 1.803 1.538 1.519 1.472 1.511 1.915 1.498 1.502 1.442 1.669 1.853 1.511 1.149 1.051 1.254 0.816
0.02 0.14251 6.00000 1.2000000477 2.5068948796    1.200  0.453  3.6676  3.687    0  0.000  0.538     0.00     0.00     0.00     0.00     0.00 -1 -3.37e-13      0.00 6.960e-01 2.840e-01 3.549e-03 9.690e-04 8.801e-03 -1.000 2.000e-02 3.639 3.251 2.763 2.334 1.746 1.485 1.467 1.421 1.459 1.857 1.446 1.450 1.391 1.618 1.802 1.460 1.098 1.000 1.203 0.765
0.02 0.14251 6.00000 1.2453033924 2.5128700768    1.245  0.476  3.6702  3.690    0  0.000  0.538     0.00     0.00     0.00     0.00     0.00 -1 -3.17e-13      0.00 6.960e-01 2.840e-01 3.549e-03 9.690e-04 8.801e-03 -1.000 2.000e-02 3.580 3.186 2.705 2.281 1.701 1.445 1.426 1.381 1.419 1.812 1.406 1.410 1.352 1.579 1.763 1.421 1.059 0.961 1.164 0.726
0.02 0.14251 6.00000 1.2500000000 2.5134610955    1.250  0.479  3.6705  3.690    0  0.000  0.538     0.00     0.00     0.00     0.00     0.00 -1 -3.15e-13      0.00 6.960e-01 2.840e-01 3.549e-03 9.690e-04 8.801e-03 -1.000 2.000e-02 3.574 3.179 2.698 2.275 1.696 1.440 1.421 1.376 1.414 1.807 1.401 1.405 1.347 1.574 1.758 1.416 1.054 0.956 1.159 0.721
0.02 0.14251 6.00000 1.2999999523 2.5194498592    1.300  0.507  3.6732  3.690    0  0.000  0.538     0.00     0.00     0.00     0.00     0.00 -1 -2.93e-13      0.00 6.960e-01 2.840e-01 3.549e-03 9.690e-04 8.801e-03 -1.000 2.000e-02 3.502 3.102 2.628 2.211 1.638 1.387 1.368 1.324 1.361 1.749 1.348 1.352 1.295 1.522 1.706 1.364 1.002 0.904 1.107 0.669
0.02 0.14251 6.00000 1.3370689154 2.5235588800    1.337  0.525  3.6751  3.692    0  0.000  0.538     0.00     0.00     0.00     0.00     0.00 -1 -2.72e-13      0.00 6.960e-01 2.840e-01 3.549e-03 9.690e-04 8.801e-03 -1.000 2.000e-02 3.457 3.053 2.584 2.170 1.604 1.355 1.336 1.293 1.329 1.714 1.317 1.321 1.264 1.492 1.675 1.334 0.972 0.873 1.076 0.638
0.02 0.14251 6.00000 1.3500000238 2.5249313598    1.350  0.532  3.6758  3.691    0  0.000  0.538     0.00     0.00     0.00     0.00     0.00 -1 -2.66e-13      0.00 6.960e-01 2.840e-01 3.549e-03 9.690e-04 8.801e-03 -1.000 2.000e-02 3.440 3.034 2.567 2.154 1.589 1.342 1.323 1.280 1.316 1.700 1.304 1.308 1.252 1.479 1.663 1.321 0.959 0.860 1.064 0.625
0.02 0.14251 6.00000 1.3999999762 2.5299650300    1.400  0.557  3.6782  3.692    0  0.000  0.538     0.00     0.00     0.00     0.00     0.00 -1 -2.37e-13      0.00 6.960e-01 2.840e-01 3.549e-03 9.690e-04 8.801e-03 -1.000 2.000e-02 3.377 2.967 2.506 2.098 1.540 1.296 1.277 1.235 1.270 1.650 1.258 1.262 1.207 1.434 1.618 1.276 0.914 0.815 1.019 0.580
0.02 0.14251 6.00000 1.4305435419 2.5328416455    1.431  0.572  3.6797  3.693    0  0.000  0.538     0.00     0.00     0.00     0.00     0.00 -1 -2.17e-13      0.00 6.960e-01 2.840e-01 3.549e-03 9.690e-04 8.801e-03 -1.000 2.000e-02 3.341 2.927 2.470 2.065 1.511 1.269 1.250 1.208 1.243 1.620 1.232 1.236 1.181 1.408 1.592 1.250 0.888 0.789 0.993 0.554
0.02 0.14251 6.00000 1.4500000477 2.5346015836    1.450  0.582  3.6806  3.692    0  0.000  0.538     0.00     0.00     0.00     0.00     0.00 -1 -2.05e-13      0.00 6.960e-01 2.840e-01 3.549e-03 9.690e-04 8.801e-03 -1.000 2.000e-02 3.316 2.901 2.446 2.043 1.491 1.251 1.231 1.190 1.225 1.600 1.213 1.217 1.163 1.390 1.573 1.232 0.870 0.771 0.974 0.536
0.02 0.14251 6.00000 1.5000000000 2.5388844597    1.500  0.606  3.6828  3.691    0  0.000  0.538     0.00     0.00     0.00     0.00     0.00 -1 -1.71e-13      0.00 6.960e-01 2.840e-01 3.549e-03 9.690e-04 8.801e-03 -1.000 2.000e-02 3.256 2.837 2.387 1.988 1.442 1.206 1.186 1.145 1.180 1.551 1.168 1.172 1.118 1.346 1.530 1.188 0.826 0.727 0.931 0.492
0.02 0.14251 6.00000 1.5314933062 2.5414176397    1.531  0.618  3.6841  3.693    0  0.000  0.538     0.00     0.00     0.00     0.00     0.00 -1 -1.45e-13      0.00 6.960e-01 2.840e-01 3.549e-03 9.690e-04 8.801e-03 -1.000 2.000e-02 3.224 2.803 2.356 1.960 1.417 1.183 1.163 1.123 1.158 1.526 1.146 1.150 1.097 1.324 1.508 1.166 0.804 0.706 0.909 0.471
0.02 0.14251 6.00000 1.5499999523 2.5428511323    1.550  0.627  3.6849  3.693    0  0.000  0.538     0.00     0.00     0.00     0.00     0.00 -1 -1.32e-13      0.00 6.960e-01 2.840e-01 3.549e-03 9.690e-04 8.801e-03 -1.000 2.000e-02 3.203 2.781 2.336 1.941 1.401 1.167 1.148 1.108 1.142 1.509 1.130 1.135 1.081 1.309 1.493 1.151 0.789 0.690 0.894 0.456
0.02 0.14251 6.00000 1.6000000238 2.5465340628    1.600  0.649  3.6869  3.692    0  0.000  0.538     0.00     0.00     0.00     0.00     0.00 -1 -9.14e-14      0.00 6.960e-01 2.840e-01 3.549e-03 9.690e-04 8.801e-03 -1.000 2.000e-02 3.147 2.721 2.281 1.890 1.355 1.124 1.105 1.066 1.099 1.463 1.087 1.092 1.040 1.267 1.451 1.109 0.747 0.649 0.852 0.414
0.02 0.14251 6.00000 1.6499999762 2.5499614773    1.649  0.670  3.6888  3.692    0  0.000  0.538     0.00     0.00     0.00     0.00     0.00 -1 -4.73e-14      0.00 6.960e-01 2.840e-01 3.549e-03 9.690e-04 8.801e-03 -1.000 2.000e-02 3.094 2.665 2.229 1.842 1.312 1.085 1.065 1.026 1.060 1.420 1.048 1.053 1.001 1.228 1.412 1.071 0.709 0.610 0.814 0.376
0.02 0.14251 6.00000 1.6749999523 2.5515872080    1.674  0.680  3.6898  3.693    0  0.000  0.538     0.00     0.00     0.00     0.00     0.00 -1 -2.39e-14      0.00 6.960e-01 2.840e-01 3.549e-03 9.690e-04 8.801e-03 -1.000 2.000e-02 3.071 2.640 2.206 1.821 1.293 1.068 1.048 1.010 1.043 1.401 1.031 1.036 0.984 1.212 1.396 1.054 0.692 0.594 0.798 0.359
0.02 0.14251 6.00000 1.6945241690 2.5528185625    1.694  0.687  3.6905  3.694    0  0.000  0.538     0.00     0.00     0.00     0.00     0.00 -1 -3.66e-27      0.00 6.960e-01 2.840e-01 3.549e-03 9.690e-04 8.801e-03 -1.000 2.000e-02 3.052 2.620 2.188 1.804 1.279 1.054 1.034 0.996 1.029 1.387 1.017 1.023 0.971 1.199 1.383 1.041 0.679 0.581 0.784 0.346
0.02 0.14251 6.00000 1.7000000477 2.5531580802    1.699  0.690  3.6907  3.693    0  0.000  0.538     0.00     0.00     0.00     0.00     0.00 -1    -1e-30      0.00 6.960e-01 2.840e-01 3.549e-03 9.690e-04 8.801e-03 -1.000 2.000e-02 3.046 2.614 2.182 1.799 1.274 1.049 1.029 0.992 1.025 1.382 1.013 1.018 0.967 1.194 1.378 1.036 0.674 0.576 0.780 0.341
0.02 0.14251 6.00000 1.7250001431 2.5546767043    1.724  0.701  3.6916  3.692    0  0.000  0.538     0.00     0.00     0.00     0.00     0.00 -1    -1e-30      0.00 6.960e-01 2.840e-01 3.549e-03 9.690e-04 8.801e-03 -1.000 2.000e-02 3.017 2.584 2.154 1.772 1.250 1.026 1.007 0.969 1.002 1.357 0.990 0.995 0.944 1.172 1.356 1.014 0.652 0.553 0.757 0.319
0.02 0.14251 6.00000 1.7500000000 2.5561455243    1.749  0.711  3.6925  3.692    0  0.000  0.538     0.00     0.00     0.00     0.00     0.00 -1    -1e-30      0.00 6.960e-01 2.840e-01 3.549e-03 9.690e-04 8.801e-03 -1.000 2.000e-02 2.993 2.559 2.131 1.751 1.231 1.009 0.989 0.952 0.984 1.338 0.973 0.978 0.927 1.155 1.339 0.997 0.635 0.536 0.740 0.302
0.02 0.14251 6.00000 1.7710597515 2.5573459156    1.770  0.720  3.6932  3.691    0  0.000  0.538     0.00     0.00     0.00     0.00     0.00 -1    -1e-30      0.00 6.960e-01 2.840e-01 3.549e-03 9.690e-04 8.801e-03 -1.000 2.000e-02 2.971 2.535 2.109 1.731 1.212 0.991 0.971 0.934 0.967 1.319 0.955 0.960 0.910 1.137 1.321 0.979 0.617 0.519 0.723 0.284
0.02 0.14251 6.00000 1.7750000954 2.5575668776    1.774  0.721  3.6934  3.691    0  0.000  0.538     0.00     0.00     0.00     0.00     0.00 -1    -1e-30      0.00 6.960e-01 2.840e-01 3.549e-03 9.690e-04 8.801e-03 -1.000 2.000e-02 2.966 2.531 2.105 1.727 1.208 0.988 0.968 0.931 0.963 1.316 0.952 0.957 0.906 1.134 1.318 0.976 0.614 0.516 0.719 0.281
0.02 0.14251 6.00000 1.7970613241 2.5587834441    1.796  0.730  3.6941  3.691    0  0.000  0.538     0.00     0.00     0.00     0.00     0.00 -1    -1e-30      0.00 6.960e-01 2.840e-01 3.549e-03 9.690e-04 8.801e-03 -1.000 2.000e-02 2.945 2.509 2.084 1.707 1.191 0.972 0.952 0.915 0.947 1.298 0.935 0.941 0.890 1.118 1.302 0.960 0.598 0.500 0.704 0.265
0.02 0.14251 6.00000 1.7999999523 2.5589429085    1.799  0.731  3.6942  3.691    0  0.000  0.538     0.00     0.00     0.00     0.00     0.00 -1    -1e-30      0.00 6.960e-01 2.840e-01 3.549e-03 9.690e-04 8.801e-03 -1.000 2.000e-02 2.942 2.505 2.081 1.704 1.188 0.969 0.949 0.913 0.944 1.295 0.933 0.938 0.888 1.115 1.299 0.958 0.596 0.497 0.701 0.263
0.02 0.14251 6.00000 1.8250000477 2.5602756874    1.824  0.742  3.6951  3.690    0  0.000  0.538     0.00     0.00     0.00     0.00     0.00 -1    -1e-30      0.00 6.960e-01 2.840e-01 3.549e-03 9.690e-04 8.801e-03 -1.000 2.000e-02 2.916 2.478 2.056 1.681 1.167 0.949 0.929 0.893 0.924 1.274 0.913 0.918 0.868 1.096 1.280 0.938 0.576 0.477 0.681 0.243
0.02 0.14251 6.00000 1.8500000238 2.5615671203    1.849  0.750  3.6959  3.690    0  0.000  0.538     0.00     0.00     0.00     0.00     0.00 -1    -1e-30      0.00 6.960e-01 2.840e-01 3.549e-03 9.690e-04 8.801e-03 -1.000 2.000e-02 2.894 2.456 2.035 1.662 1.150 0.933 0.913 0.877 0.909 1.257 0.897 0.903 0.853 1.080 1.265 0.923 0.561 0.462 0.666 0.228
0.02 0.14251 6.00000 1.8750000000 2.5628190289    1.874  0.759  3.6968  3.691    0  0.000  0.538     0.00     0.00     0.00     0.00     0.00 -1    -1e-30      0.00 6.960e-01 2.840e-01 3.549e-03 9.690e-04 8.801e-03 -1.000 2.000e-02 2.873 2.433 2.015 1.643 1.133 0.918 0.898 0.862 0.893 1.240 0.882 0.887 0.838 1.065 1.249 0.907 0.545 0.447 0.651 0.213
0.02 0.14251 6.00000 1.8999999762 2.5640331260    1.899  0.768  3.6976  3.691    0  0.000  0.538     0.00     0.00     0.00     0.00     0.00 -1    -1e-30      0.00 6.960e-01 2.840e-01 3.549e-03 9.690e-04 8.801e-03 -1.000 2.000e-02 2.849 2.408 1.992 1.621 1.114 0.900 0.879 0.844 0.875 1.220 0.864 0.869 0.820 1.048 1.232 0.890 0.528 0.429 0.633 0.195
0.02 0.14251 6.00000 1.9249999523 2.5652110289    1.924  0.778  3.6984  3.690    0  0.000  0.538     0.00     0.00     0.00     0.00     0.00 -1    -1e-30      0.00 6.960e-01 2.840e-01 3.549e-03 9.690e-04 8.801e-03 -1.000 2.000e-02 2.825 2.383 1.968 1.599 1.094 0.881 0.861 0.826 0.856 1.200 0.845 0.850 0.802 1.029 1.213 0.871 0.509 0.411 0.615 0.176
0.02 0.14251 6.00000 1.9477653503 2.5662534526    1.947  0.788  3.6991  3.688    0  0.000  0.538     0.00     0.00     0.00     0.00     0.00 -1    -1e-30      0.00 6.960e-01 2.840e-01 3.549e-03 9.690e-04 8.801e-03 -1.000 2.000e-02 2.801 2.358 1.945 1.577 1.073 0.862 0.841 0.807 0.837 1.180 0.826 0.831 0.783 1.010 1.194 0.852 0.490 0.392 0.596 0.157
0.02 0.14251 6.00000 1.9705420732 2.5672687235    1.970  0.795  3.6998  3.688    0  0.000  0.538     0.00     0.00     0.00     0.00     0.00 -1    -1e-30      0.00 6.960e-01 2.840e-01 3.549e-03 9.690e-04 8.801e-03 -1.000 2.000e-02 2.782 2.338 1.926 1.560 1.058 0.847 0.827 0.792 0.823 1.164 0.812 0.817 0.769 0.996 1.180 0.838 0.476 0.378 0.582 0.143
0.02 0.14251 6.00000 1.9932960272 2.5682563828    1.993  0.805  3.7005  3.687    0  0.000  0.538     0.00     0.00     0.00     0.00     0.00 -1    -1e-30      0.00 6.960e-01 2.840e-01 3.549e-03 9.690e-04 8.801e-03 -1.000 2.000e-02 2.758 2.314 1.903 1.538 1.038 0.828 0.808 0.774 0.804 1.144 0.793 0.798 0.750 0.977 1.162 0.820 0.458 0.359 0.563 0.125
0.02 0.14251 6.00000 2.0388267040 2.5701567839    2.038  0.821  3.7019  3.686    0  0.000  0.538     0.00     0.00     0.00     0.00     0.00 -1    -1e-30      0.00 6.960e-01 2.840e-01 3.549e-03 9.690e-04 8.801e-03 -1.000 2.000e-02 2.717 2.271 1.864 1.502 1.005 0.797 0.777 0.743 0.773 1.111 0.762 0.767 0.719 0.947 1.131 0.789 0.427 0.329 0.533 0.094
0.02 0.14251 6.00000 2.0843575001 2.5719620269    2.083  0.840  3.7032  3.682    0  0.000  0.538     0.00     0.00     0.00     0.00     0.00 -1    -1e-30      0.00 6.960e-01 2.840e-01 3.549e-03 9.690e-04 8.801e-03 -1.000 2.000e-02 2.671 2.224 1.819 1.460 0.966 0.760 0.740 0.707 0.736 1.072 0.725 0.731 0.683 0.911 1.095 0.753 0.391 0.293 0.497 0.058
0.02 0.14251 6.00000 2.1298882961 2.5736787981    2.129  0.854  3.7046  3.682    0  0.000  0.538     0.00     0.00     0.00     0.00     0.00 -1    -1e-30      0.00 6.960e-01 2.840e-01 3.549e-03 9.690e-04 8.801e-03 -1.000 2.000e-02 2.635 2.187 1.784 1.428 0.937 0.733 0.713 0.680 0.710 1.043 0.699 0.704 0.657 0.885 1.069 0.727 0.365 0.267 0.471 0.032
0.02 0.14251 6.00000 2.1340389252 2.5738311160    2.133  0.856  3.7047  3.682    0  0.000  0.538     0.00     0.00     0.00     0.00     0.00 -1    -1e-30      0.00 6.960e-01 2.840e-01 3.549e-03 9.690e-04 8.801e-03 -1.000 2.000e-02 2.631 2.183 1.781 1.424 0.934 0.731 0.710 0.678 0.707 1.040 0.696 0.701 0.654 0.882 1.066 0.724 0.362 0.264 0.468 0.030
0.02 0.14251 6.00000 2.1754190922 2.5753131887    2.174  0.872  3.7059  3.678    0  0.000  0.538     0.00     0.00     0.00     0.00     0.00 -1    -1e-30      0.00 6.960e-01 2.840e-01 3.549e-03 9.690e-04 8.801e-03 -1.000 2.000e-02 2.589 2.139 1.740 1.386 0.898 0.696 0.676 0.644 0.673 1.004 0.662 0.667 0.621 0.848 1.033 0.691 0.329 0.230 0.434 -0.004
0.02 0.14251 6.00000 2.2209496498 2.5768707465    2.219  0.889  3.7072  3.676    0  0.000  0.538     0.00     0.00     0.00     0.00     0.00 -1    -1e-30      0.00 6.960e-01 2.840e-01 3.549e-03 9.690e-04 8.801e-03 -1.000 2.000e-02 2.548 2.097 1.700 1.349 0.865 0.665 0.644 0.612 0.641 0.970 0.630 0.636 0.590 0.817 1.001 0.660 0.298 0.199 0.403 -0.035
0.02 0.14251 6.00000 2.2664804459 2.5783565653    2.265  0.905  3.7085  3.674    0  0.000  0.538     0.00     0.00     0.00     0.00     0.00 -1    -1e-30      0.00 6.960e-01 2.840e-01 3.549e-03 9.690e-04 8.801e-03 -1.000 2.000e-02 2.507 2.055 1.661 1.312 0.831 0.633 0.612 0.581 0.609 0.936 0.598 0.604 0.559 0.786 0.970 0.628 0.266 0.168 0.372 -0.066
0.02 0.14251 6.00000 2.3558290005 2.5810812474    2.354  0.934  3.7111  3.673    0  0.000  0.538     0.00     0.00     0.00     0.00     0.00 -1    -1e-30      0.00 6.960e-01 2.840e-01 3.549e-03 9.691e-04 8.802e-03 -1.000 2.000e-02 2.436 1.981 1.592 1.248 0.773 0.579 0.559 0.528 0.556 0.878 0.545 0.551 0.506 0.734 0.918 0.576 0.214 0.116 0.320 -0.118
0.02 0.14251 6.00000 2.3575420380 2.5811311706    2.356  0.934  3.7112  3.673    0  0.000  0.538     0.00     0.00     0.00     0.00     0.00 -1    -1e-30      0.00 6.960e-01 2.840e-01 3.549e-03 9.691e-04 8.802e-03 -1.000 2.000e-02 2.434 1.980 1.591 1.247 0.772 0.578 0.557 0.527 0.555 0.877 0.544 0.550 0.505 0.733 0.917 0.575 0.213 0.115 0.319 -0.120
0.02 0.14251 6.00000 2.4313828945 2.5832064598    2.430  0.958  3.7132  3.670    0  0.000  0.538     0.00     0.00     0.00     0.00     0.00 -1    -1e-30      0.00 6.960e-01 2.840e-01 3.549e-03 9.691e-04 8.802e-03 -1.000 2.000e-02 2.375 1.919 1.534 1.194 0.724 0.533 0.512 0.483 0.510 0.828 0.499 0.505 0.461 0.688 0.872 0.531 0.169 0.070 0.274 -0.164
0.02 0.14251 6.00000 2.5396647453 2.5860001929    2.538  1.000  3.7163  3.660    0  0.000  0.538     0.00     0.00     0.00     0.00     0.00 -1    -1e-30      0.00 6.960e-01 2.840e-01 3.549e-03 9.691e-04 8.802e-03 -1.000 2.000e-02 2.270 1.811 1.432 1.098 0.636 0.449 0.428 0.400 0.426 0.739 0.415 0.421 0.378 0.606 0.790 0.448 0.086 -0.012 0.192 -0.246
0.02 0.14251 6.00000 2.6764838696 2.5891611511    2.675  1.051  3.7202  3.647    0  0.000  0.538     0.00     0.00     0.00     0.00     0.00 -1    -1e-30      0.00 6.960e-01 2.840e-01 3.549e-03 9.691e-04 8.802e-03 -1.000 2.000e-02 2.142 1.681 1.310 0.983 0.530 0.349 0.327 0.300 0.326 0.633 0.315 0.321 0.279 0.507 0.691 0.349 -0.013 -0.111 0.093 -0.345
0.02 0.14251 6.00000 2.7217876911 2.5901276167    2.720  1.069  3.7215  3.641    0  0.000  0.538     0.00     0.00     0.00     0.00     0.00 -1    -1e-30      0.00 6.960e-01 2.840e-01 3.549e-03 9.691e-04 8.802e-03 -1.000 2.000e-02 2.097 1.635 1.266 0.942 0.492 0.313 0.291 0.265 0.290 0.594 0.279 0.285 0.244 0.472 0.656 0.314 -0.048 -0.146 0.058 -0.381
0.02 0.14251 6.00000 2.8318047523 2.5923272699    2.830  1.113  3.7248  3.628    0  0.000  0.538     0.00     0.00     0.00     0.00     0.00 -1    -1e-30      0.00 6.960e-01 2.840e-01 3.549e-03 9.691e-04 8.802e-03 -1.000 2.000e-02 1.987 1.524 1.160 0.842 0.400 0.225 0.203 0.178 0.203 0.502 0.192 0.198 0.158 0.386 0.570 0.228 -0.134 -0.232 -0.028 -0.466
0.02 0.14251 6.00000 2.9039103985 2.5936654156    2.902  1.144  3.7271  3.617    0  0.000  0.538     0.00     0.00     0.00     0.00     0.00 -1    -1e-30      0.00 6.960e-01 2.840e-01 3.549e-03 9.691e-04 8.802e-03 -1.000 2.000e-02 1.910 1.446 1.087 0.773 0.336 0.165 0.142 0.118 0.143 0.437 0.132 0.138 0.098 0.326 0.510 0.168 -0.194 -0.292 -0.088 -0.526
0.02 0.14251 6.00000 2.9461121559 2.5944137497    2.945  1.161  3.7284  3.612    0  0.000  0.538     0.00     0.00     0.00     0.00     0.00 -1    -1e-30      0.00 6.960e-01 2.840e-01 3.549e-03 9.691e-04 8.802e-03 -1.000 2.000e-02 1.868 1.404 1.047 0.735 0.302 0.132 0.110 0.086 0.110 0.403 0.099 0.105 0.066 0.294 0.478 0.136 -0.226 -0.324 -0.120 -0.558
0.02 0.14251 6.00000 3.0860338211 2.5967273810    3.084  1.239  3.7338  3.575    0  0.000  0.538     0.00     0.00     0.00     0.00     0.00 -1    -1e-30      0.00 6.960e-01 2.840e-01 3.549e-03 9.691e-04 8.802e-03 -1.000 2.000e-02 1.672 1.206 0.859 0.557 0.136 -0.027 -0.050 -0.071 -0.048 0.235 -0.059 -0.053 -0.091 0.137 0.321 -0.020 -0.382 -0.481 -0.277 -0.715
0.02 0.14251 6.00000 3.1606879234 2.5978658754    3.159  1.285  3.7370  3.552    0  0.000  0.538     0.00     0.00     0.00     0.00     0.00 -1    -1e-30      0.00 6.960e-01 2.840e-01 3.549e-03 9.691e-04 8.802e-03 -1.000 2.000e-02 1.557 1.091 0.749 0.453 0.039 -0.120 -0.143 -0.162 -0.141 0.138 -0.152 -0.146 -0.182 0.046 0.230 -0.111 -0.473 -0.572 -0.368 -0.806
0.02 0.14251 6.00000 3.2681567669 2.5994002419    3.266  1.368  3.7427  3.507    0  0.000  0.538     0.00     0.00     0.00     0.00     0.00 -1    -1e-30      0.00 6.960e-01 2.840e-01 3.549e-03 9.691e-04 8.802e-03 -1.000 2.000e-02 1.350 0.885 0.553 0.267 -0.133 -0.285 -0.309 -0.326 -0.306 -0.036 -0.316 -0.311 -0.345 -0.126 0.042 -0.300 -0.661 -0.755 -0.539 -0.972
0.02 0.14251 6.00000 3.3301680088 2.6002339619    3.328  1.423  3.7466  3.475    0  0.000  0.538     0.00     0.00     0.00     0.00     0.00 -1    -1e-30      0.00 6.960e-01 2.840e-01 3.549e-03 9.691e-04 8.802e-03 -1.000 2.000e-02 1.213 0.749 0.423 0.143 -0.247 -0.394 -0.418 -0.434 -0.415 -0.151 -0.425 -0.421 -0.453 -0.249 -0.108 -0.449 -0.808 -0.895 -0.660 -1.084
0.02 0.14251 6.00000 3.4037239552 2.6011777401    3.401  1.502  3.7523  3.429    0  0.000  0.538     0.00     0.00     0.00     0.00     0.00 -1    -1e-30      0.00 6.960e-01 2.840e-01 3.549e-03 9.691e-04 8.802e-03 -1.000 2.000e-02 1.015 0.553 0.237 -0.033 -0.410 -0.549 -0.574 -0.588 -0.571 -0.316 -0.580 -0.577 -0.606 -0.426 -0.325 -0.665 -1.020 -1.097 -0.833 -1.244
0.02 0.14251 6.00000 3.4502787590 2.6017512181    3.447  1.555  3.7565  3.398    0  0.000  0.538     0.00     0.00     0.00     0.00     0.00 -1    -1e-30      0.00 6.960e-01 2.840e-01 3.549e-03 9.691e-04 8.802e-03 -1.000 2.000e-02 0.882 0.422 0.113 -0.150 -0.517 -0.652 -0.677 -0.689 -0.674 -0.425 -0.683 -0.681 -0.708 -0.544 -0.472 -0.811 -1.164 -1.234 -0.949 -1.350
0.02 0.14251 6.00000 3.5061581135 2.6024164849    3.503  1.619  3.7621  3.364    0  0.000  0.538     0.00     0.00     0.00     0.00     0.00 -1    -1e-30      0.00 6.960e-01 2.840e-01 3.549e-03 9.691e-04 8.802e-03 -1.000 2.000e-02 0.724 0.267 -0.033 -0.287 -0.640 -0.768 -0.794 -0.804 -0.791 -0.550 -0.799 -0.798 -0.822 -0.681 -0.649 -0.986 -1.337 -1.396 -1.083 -1.471
0.02 0.14251 6.00000 3.5696461201 2.6031433441    3.566  1.688  3.7694  3.332    0  0.000  0.538     0.00     0.00     0.00     0.00     0.00 -1    -1e-30      0.00 6.960e-01 2.840e-01 3.549e-03 9.691e-04 8.802e-03 -1.000 2.000e-02 0.551 0.100 -0.187 -0.430 -0.767 -0.887 -0.913 -0.921 -0.911 -0.680 -0.917 -0.918 -0.939 -0.826 -0.845 -1.181 -1.527 -1.573 -1.224 -1.596
0.02 0.14251 6.00000 3.6313631535 2.6038219840    3.628  1.755  3.7777  3.306    0  0.000  0.538     0.00     0.00     0.00     0.00     0.00 -1    -1e-30      0.00 6.960e-01 2.840e-01 3.549e-03 9.691e-04 8.802e-03 -1.000 2.000e-02 0.383 -0.059 -0.332 -0.562 -0.880 -0.992 -1.017 -1.023 -1.016 -0.796 -1.020 -1.023 -1.040 -0.960 -1.037 -1.371 -1.713 -1.744 -1.354 -1.707
0.02 0.14251 6.00000 3.6324019432 2.6038331798    3.629  1.756  3.7778  3.305    0  0.000  0.538     0.00     0.00     0.00     0.00     0.00 -1    -1e-30      0.00 6.960e-01 2.840e-01 3.549e-03 9.691e-04 8.802e-03 -1.000 2.000e-02 0.380 -0.062 -0.335 -0.564 -0.882 -0.993 -1.018 -1.025 -1.018 -0.798 -1.021 -1.025 -1.042 -0.962 -1.040 -1.374 -1.717 -1.747 -1.356 -1.708
0.02 0.14251 6.00000 3.6721177101 2.6042557678    3.669  1.801  3.7844  3.291    0  0.000  0.538     0.00     0.00     0.00     0.00     0.00 -1    -1e-30      0.00 6.960e-01 2.840e-01 3.549e-03 9.691e-04 8.802e-03 -1.000 2.000e-02 0.268 -0.166 -0.428 -0.648 -0.951 -1.056 -1.080 -1.086 -1.082 -0.870 -1.083 -1.089 -1.103 -1.049 -1.173 -1.506 -1.845 -1.864 -1.439 -1.777
0.02 0.14251 6.00000 3.7149143219 2.6046995252    3.712  1.851  3.7930  3.281    0  0.000  0.538     0.00     0.00     0.00     0.00     0.00 -1    -1e-30      0.00 6.960e-01 2.840e-01 3.549e-03 9.691e-04 8.802e-03 -1.000 2.000e-02 0.143 -0.278 -0.526 -0.734 -1.018 -1.115 -1.139 -1.143 -1.143 -0.940 -1.141 -1.149 -1.160 -1.141 -1.325 -1.656 -1.991 -1.994 -1.526 -1.844
0.02 0.14251 6.00000 3.7541041374 2.6050956946    3.752  1.898  3.8033  3.279    0  0.000  0.538     0.00     0.00     0.00     0.00     0.00 -1    -1e-30      0.00 6.960e-01 2.840e-01 3.549e-03 9.691e-04 8.802e-03 -1.000 2.000e-02 0.025 -0.379 -0.611 -0.804 -1.067 -1.154 -1.177 -1.181 -1.184 -0.993 -1.179 -1.189 -1.198 -1.220 -1.476 -1.804 -2.134 -2.118 -1.599 -1.893
0.02 0.14251 6.00000 3.7862863541 2.6054139816    3.784  1.938  3.8141  3.286    0  0.000  0.538     0.00     0.00     0.00     0.00     0.00 -1    -1e-30      0.00 6.960e-01 2.840e-01 3.549e-03 9.691e-04 8.802e-03 -1.000 2.000e-02 -0.075 -0.459 -0.674 -0.853 -1.094 -1.173 -1.194 -1.198 -1.203 -1.025 -1.196 -1.208 -1.214 -1.274 -1.598 -1.924 -2.249 -2.216 -1.648 -1.920
0.02 0.14251 6.00000 3.8143210411 2.6056862209    3.812  1.974  3.8250  3.297    0  0.000  0.538     0.00     0.00     0.00     0.00     0.00 -1    -1e-30      0.00 6.960e-01 2.840e-01 3.549e-03 9.691e-04 8.802e-03 -1.000 2.000e-02 -0.165 -0.529 -0.728 -0.892 -1.110 -1.182 -1.203 -1.206 -1.212 -1.047 -1.204 -1.217 -1.222 -1.282 -1.605 -1.932 -2.256 -2.223 -1.655 -1.927
0.02 0.14251 6.00000 3.8145248890 2.6056881836    3.812  1.974  3.8250  3.297    0  0.000  0.538     0.00     0.00     0.00     0.00     0.00 -1    -1e-30      0.00 6.960e-01 2.840e-01 3.549e-03 9.691e-04 8.802e-03 -1.000 2.000e-02 -0.166 -0.530 -0.728 -0.892 -1.110 -1.182 -1.203 -1.206 -1.212 -1.048 -1.204 -1.217 -1.222 -1.282 -1.606 -1.932 -2.256 -2.223 -1.655 -1.927
0.02 0.14251 6.00000 3.8251101971 2.6057897701    3.823  1.988  3.8295  3.302    0  0.000  0.538     0.00     0.00     0.00     0.00     0.00 -1    -1e-30      0.00 6.960e-01 2.840e-01 3.549e-03 9.691e-04 8.802e-03 -1.000 2.000e-02 -0.200 -0.556 -0.748 -0.906 -1.115 -1.184 -1.204 -1.208 -1.214 -1.055 -1.206 -1.218 -1.223 -1.283 -1.607 -1.933 -2.257 -2.224 -1.656 -1.928
0.02 0.14251 6.00000 3.8477544785 2.6060049292    3.846  2.019  3.8394  3.314    0  0.000  0.538     0.00     0.00     0.00     0.00     0.00 -1    -1e-30      0.00 6.960e-01 2.840e-01 3.549e-03 9.691e-04 8.802e-03 -1.000 2.000e-02 -0.276 -0.612 -0.789 -0.934 -1.123 -1.185 -1.205 -1.208 -1.215 -1.068 -1.206 -1.219 -1.223 -1.283 -1.607 -1.933 -2.258 -2.225 -1.656 -1.927
0.02 0.14251 6.00000 3.8695719242 2.6062094951    3.868  2.048  3.8494  3.327    0  0.000  0.538     0.00     0.00     0.00     0.00     0.00 -1    -1e-30      0.00 6.960e-01 2.840e-01 3.549e-03 9.691e-04 8.802e-03 -1.000 2.000e-02 -0.351 -0.665 -0.828 -0.960 -1.128 -1.185 -1.204 -1.207 -1.215 -1.079 -1.205 -1.218 -1.222 -1.282 -1.606 -1.932 -2.256 -2.223 -1.654 -1.925
0.02 0.14251 6.00000 3.8906579018 2.6064046975    3.890  2.078  3.8594  3.340    0  0.000  0.538     0.00     0.00     0.00     0.00     0.00 -1    -1e-30      0.00 6.960e-01 2.840e-01 3.549e-03 9.691e-04 8.802e-03 -1.000 2.000e-02 -0.425 -0.715 -0.864 -0.984 -1.132 -1.184 -1.201 -1.205 -1.212 -1.089 -1.203 -1.216 -1.220 -1.279 -1.603 -1.929 -2.254 -2.220 -1.651 -1.922
0.02 0.14251 6.00000 3.9110715389 2.6065913715    3.910  2.107  3.8693  3.353    0  0.000  0.538     0.00     0.00     0.00     0.00     0.00 -1    -1e-30      0.00 6.960e-01 2.840e-01 3.549e-03 9.691e-04 8.802e-03 -1.000 2.000e-02 -0.497 -0.761 -0.897 -1.004 -1.133 -1.181 -1.197 -1.201 -1.208 -1.096 -1.199 -1.212 -1.215 -1.275 -1.599 -1.925 -2.250 -2.216 -1.646 -1.917
0.02 0.14251 6.00000 3.9308664799 2.6067702601    3.930  2.135  3.8793  3.366    0  0.000  0.538     0.00     0.00     0.00     0.00     0.00 -1    -1e-30      0.00 6.960e-01 2.840e-01 3.549e-03 9.691e-04 8.802e-03 -1.000 2.000e-02 -0.569 -0.803 -0.927 -1.022 -1.133 -1.176 -1.192 -1.196 -1.203 -1.102 -1.194 -1.207 -1.210 -1.270 -1.594 -1.920 -2.244 -2.211 -1.640 -1.911
0.02 0.14251 6.00000 3.9500863552 2.6069419803    3.950  2.164  3.8892  3.380    0  0.000  0.538     0.00     0.00     0.00     0.00     0.00 -1    -1e-30      0.00 6.960e-01 2.840e-01 3.549e-03 9.691e-04 8.802e-03 -1.000 2.000e-02 -0.639 -0.843 -0.955 -1.038 -1.132 -1.171 -1.186 -1.190 -1.196 -1.106 -1.188 -1.200 -1.203 -1.263 -1.587 -1.913 -2.237 -2.204 -1.633 -1.904
0.02 0.14251 6.00000 3.9687640667 2.6071070254    3.969  2.191  3.8991  3.394    0  0.000  0.538     0.00     0.00     0.00     0.00     0.00 -1    -1e-30      0.00 6.960e-01 2.840e-01 3.549e-03 9.691e-04 8.802e-03 -1.000 2.000e-02 -0.708 -0.878 -0.979 -1.051 -1.129 -1.165 -1.179 -1.183 -1.189 -1.108 -1.181 -1.193 -1.196 -1.255 -1.579 -1.906 -2.230 -2.196 -1.625 -1.896
0.02 0.14251 6.00000 3.9869346619 2.6072658839    3.987  2.219  3.9090  3.408    0  0.000  0.538     0.00     0.00     0.00     0.00     0.00 -1    -1e-30      0.00 6.960e-01 2.840e-01 3.549e-03 9.691e-04 8.802e-03 -1.000 2.000e-02 -0.776 -0.910 -1.001 -1.062 -1.126 -1.159 -1.172 -1.175 -1.181 -1.110 -1.173 -1.184 -1.187 -1.247 -1.571 -1.897 -2.221 -2.187 -1.616 -1.886
0.02 0.14251 6.00000 3.9966478348 2.6073501215    3.997  2.233  3.9144  3.416    0  0.000  0.538     0.00     0.00     0.00     0.00     0.00 -1    -1e-30      0.00 6.960e-01 2.840e-01 3.549e-03 9.691e-04 8.802e-03 -1.000 2.000e-02 -0.813 -0.927 -1.013 -1.068 -1.125 -1.155 -1.167 -1.171 -1.177 -1.111 -1.169 -1.180 -1.182 -1.242 -1.566 -1.892 -2.216 -2.182 -1.611 -1.881
0.02 0.14251 6.00000 3.9998683929 2.6073779479    4.000  2.238  3.9162  3.419    0  0.000  0.538     0.00     0.00     0.00     0.00     0.00 -1    -1e-30      0.00 6.960e-01 2.840e-01 3.549e-03 9.691e-04 8.802e-03 -1.000 2.000e-02 -0.825 -0.933 -1.016 -1.069 -1.124 -1.154 -1.166 -1.169 -1.175 -1.111 -1.167 -1.178 -1.181 -1.240 -1.564 -1.890 -2.215 -2.181 -1.609 -1.879
0.02 0.14251 6.00000 4.0170416832 2.6075254638    4.017  2.264  3.9260  3.434    0  0.000  0.538     0.00     0.00     0.00     0.00     0.00 -1    -1e-30      0.00 6.960e-01 2.840e-01 3.549e-03 9.691e-04 8.802e-03 -1.000 2.000e-02 -0.891 -0.961 -1.035 -1.077 -1.120 -1.146 -1.157 -1.160 -1.166 -1.110 -1.159 -1.168 -1.171 -1.230 -1.554 -1.880 -2.205 -2.170 -1.599 -1.868
0.02 0.14251 6.00000 4.0337896347 2.6076679357    4.034  2.290  3.9358  3.449    0  0.000  0.538     0.00     0.00     0.00     0.00     0.00 -1    -1e-30      0.00 6.960e-01 2.840e-01 3.549e-03 9.691e-04 8.802e-03 -1.000 2.000e-02 -0.956 -0.985 -1.050 -1.082 -1.115 -1.138 -1.148 -1.150 -1.156 -1.109 -1.149 -1.158 -1.160 -1.219 -1.544 -1.870 -2.194 -2.160 -1.588 -1.857
0.02 0.14251 6.00000 4.0501427650 2.6078057422    4.050  2.316  3.9456  3.464    0  0.000  0.538     0.00     0.00     0.00     0.00     0.00 -1    -1e-30      0.00 6.960e-01 2.840e-01 3.549e-03 9.691e-04 8.802e-03 -1.000 2.000e-02 -1.019 -1.005 -1.061 -1.084 -1.109 -1.129 -1.137 -1.139 -1.144 -1.105 -1.138 -1.146 -1.148 -1.207 -1.532 -1.858 -2.182 -2.148 -1.576 -1.845
0.02 0.14251 6.00000 4.0661244392 2.6079391876    4.065  2.340  3.9554  3.480    0  0.000  0.538     0.00     0.00     0.00     0.00     0.00 -1    -1e-30      0.00 6.960e-01 2.840e-01 3.549e-03 9.691e-04 8.802e-03 -1.000 2.000e-02 -1.081 -1.021 -1.070 -1.084 -1.101 -1.118 -1.125 -1.126 -1.131 -1.100 -1.126 -1.133 -1.135 -1.194 -1.518 -1.844 -2.169 -2.134 -1.562 -1.831
0.02 0.14251 6.00000 4.0817556381 2.6080685447    4.081  2.365  3.9651  3.497    0  0.000  0.538     0.00     0.00     0.00     0.00     0.00 -1    -1e-30      0.00 6.960e-01 2.840e-01 3.549e-03 9.691e-04 8.802e-03 -1.000 2.000e-02 -1.141 -1.034 -1.075 -1.081 -1.092 -1.106 -1.111 -1.112 -1.116 -1.092 -1.112 -1.118 -1.119 -1.178 -1.503 -1.829 -2.153 -2.119 -1.546 -1.815
0.02 0.14251 6.00000 4.0970573425 2.6081940762    4.096  2.388  3.9749  3.514    0  0.000  0.538     0.00     0.00     0.00     0.00     0.00 -1    -1e-30      0.00 6.960e-01 2.840e-01 3.549e-03 9.691e-04 8.802e-03 -1.000 2.000e-02 -1.200 -1.044 -1.078 -1.076 -1.082 -1.093 -1.096 -1.096 -1.100 -1.084 -1.096 -1.101 -1.102 -1.160 -1.485 -1.811 -2.135 -2.101 -1.528 -1.797
0.02 0.14251 6.00000 4.1120648384 2.6083161511    4.111  2.411  3.9846  3.531    0  0.000  0.538     0.00     0.00     0.00     0.00     0.00 -1    -1e-30      0.00 6.960e-01 2.840e-01 3.549e-03 9.691e-04 8.802e-03 -1.000 2.000e-02 -1.258 -1.052 -1.079 -1.070 -1.071 -1.079 -1.080 -1.079 -1.082 -1.074 -1.080 -1.082 -1.083 -1.141 -1.465 -1.792 -2.116 -2.081 -1.508 -1.777
0.02 0.14251 6.00000 4.1267657280 2.6084347426    4.125  2.434  3.9942  3.548    0  0.000  0.538     0.00     0.00     0.00     0.00     0.00 -1    -1e-30      0.00 6.960e-01 2.840e-01 3.549e-03 9.691e-04 8.802e-03 -1.000 2.000e-02 -1.315 -1.059 -1.078 -1.062 -1.059 -1.064 -1.063 -1.060 -1.063 -1.063 -1.062 -1.063 -1.063 -1.121 -1.445 -1.771 -2.095 -2.060 -1.487 -1.756
0.02 0.14251 6.00000 4.1411695480 2.6085499989    4.139  2.456  4.0038  3.566    0  0.000  0.538     0.00     0.00     0.00     0.00     0.00 -1    -1e-30      0.00 6.960e-01 2.840e-01 3.549e-03 9.691e-04 8.802e-03 -1.000 2.000e-02 -1.370 -1.064 -1.075 -1.053 -1.047 -1.048 -1.045 -1.041 -1.043 -1.051 -1.043 -1.042 -1.042 -1.099 -1.423 -1.749 -2.073 -2.039 -1.465 -1.734
0.02 0.14251 6.00000 4.1553030014 2.6086621991    4.153  2.477  4.0134  3.585    0  0.000  0.538     0.00     0.00     0.00     0.00     0.00 -1    -1e-30      0.00 6.960e-01 2.840e-01 3.549e-03 9.691e-04 8.802e-03 -1.000 2.000e-02 -1.423 -1.067 -1.071 -1.043 -1.033 -1.031 -1.026 -1.021 -1.023 -1.038 -1.024 -1.021 -1.020 -1.077 -1.401 -1.727 -2.051 -2.016 -1.442 -1.710
0.02 0.14251 6.00000 4.1691884995 2.6087715794    4.167  2.498  4.0230  3.604    0  0.000  0.538     0.00     0.00     0.00     0.00     0.00 -1    -1e-30      0.00 6.960e-01 2.840e-01 3.549e-03 9.691e-04 8.802e-03 -1.000 2.000e-02 -1.475 -1.068 -1.065 -1.031 -1.019 -1.014 -1.007 -1.001 -1.001 -1.024 -1.004 -0.999 -0.997 -1.054 -1.378 -1.704 -2.028 -1.993 -1.418 -1.687
0.02 0.14251 6.00000 4.1787710190 2.6088465765    4.177  2.512  4.0296  3.617    0  0.000  0.538     0.00     0.00     0.00     0.00     0.00 -1    -1e-30      0.00 6.960e-01 2.840e-01 3.549e-03 9.691e-04 8.802e-03 -1.000 2.000e-02 -1.510 -1.069 -1.060 -1.022 -1.008 -1.001 -0.993 -0.986 -0.986 -1.013 -0.990 -0.983 -0.981 -1.037 -1.361 -1.687 -2.011 -1.976 -1.402 -1.669
0.02 0.14251 6.00000 4.1806159019 2.6088609700    4.178  2.515  4.0309  3.620    0  0.000  0.538     0.00     0.00     0.00     0.00     0.00 -1    -1e-30      0.00 6.960e-01 2.840e-01 3.549e-03 9.691e-04 8.802e-03 -1.000 2.000e-02 -1.517 -1.069 -1.059 -1.021 -1.006 -0.999 -0.990 -0.983 -0.983 -1.011 -0.987 -0.980 -0.978 -1.034 -1.358 -1.684 -2.008 -1.973 -1.398 -1.666
0.02 0.14251 6.00000 4.1983447075 2.6089985462    4.196  2.541  4.0435  3.646    0  0.000  0.538     0.00     0.00     0.00     0.00     0.00 -1    -1e-30      0.00 6.960e-01 2.840e-01 3.549e-03 9.691e-04 8.802e-03 -1.000 2.000e-02 -1.582 -1.066 -1.047 -1.002 -0.984 -0.973 -0.962 -0.953 -0.953 -0.989 -0.958 -0.949 -0.946 -1.001 -1.325 -1.651 -1.975 -1.940 -1.365 -1.632
0.02 0.14251 6.00000 4.2157764435 2.6091325205    4.213  2.566  4.0560  3.673    0  0.000  0.538     0.00     0.00     0.00     0.00     0.00 -1    -1e-30      0.00 6.960e-01 2.840e-01 3.549e-03 9.691e-04 8.802e-03 -1.000 2.000e-02 -1.645 -1.061 -1.032 -0.981 -0.960 -0.945 -0.932 -0.922 -0.920 -0.966 -0.928 -0.916 -0.912 -0.967 -1.291 -1.617 -1.941 -1.905 -1.329 -1.596
0.02 0.14251 6.00000 4.2329654694 2.6092633876    4.230  2.590  4.0684  3.700    0  0.000  0.538     0.00     0.00     0.00     0.00     0.00 -1    -1e-30      0.00 6.960e-01 2.840e-01 3.549e-03 9.691e-04 8.802e-03 -1.000 2.000e-02 -1.704 -1.052 -1.015 -0.957 -0.934 -0.915 -0.900 -0.889 -0.887 -0.940 -0.895 -0.882 -0.877 -0.931 -1.255 -1.581 -1.905 -1.869 -1.293 -1.559
0.02 0.14251 6.00000 4.2499756813 2.6093916957    4.247  2.613  4.0807  3.729    0  0.000  0.538     0.00     0.00     0.00     0.00     0.00 -1    -1e-30      0.00 6.960e-01 2.840e-01 3.549e-03 9.691e-04 8.802e-03 -1.000 2.000e-02 -1.761 -1.040 -0.994 -0.931 -0.905 -0.883 -0.866 -0.854 -0.851 -0.911 -0.861 -0.845 -0.840 -0.894 -1.217 -1.543 -1.867 -1.831 -1.254 -1.520
0.02 0.14251 6.00000 4.2668790817 2.6095180333    4.264  2.634  4.0930  3.758    0  0.000  0.538     0.00     0.00     0.00     0.00     0.00 -1    -1e-30      0.00 6.960e-01 2.840e-01 3.549e-03 9.691e-04 8.802e-03 -1.000 2.000e-02 -1.815 -1.024 -0.970 -0.901 -0.873 -0.848 -0.830 -0.816 -0.813 -0.879 -0.824 -0.806 -0.800 -0.853 -1.177 -1.503 -1.826 -1.791 -1.213 -1.479
0.02 0.14251 6.00000 4.2837681770 2.6096431196    4.281  2.654  4.1052  3.788    0  0.000  0.538     0.00     0.00     0.00     0.00     0.00 -1    -1e-30      0.00 6.960e-01 2.840e-01 3.549e-03 9.691e-04 8.802e-03 -1.000 2.000e-02 -1.866 -1.004 -0.942 -0.868 -0.838 -0.810 -0.790 -0.776 -0.771 -0.844 -0.784 -0.764 -0.758 -0.810 -1.134 -1.460 -1.783 -1.747 -1.169 -1.435
0.02 0.14251 6.00000 4.3007774353 2.6097679546    4.297  2.673  4.1173  3.819    0  0.000  0.538     0.00     0.00     0.00     0.00     0.00 -1    -1e-30      0.00 6.960e-01 2.840e-01 3.549e-03 9.691e-04 8.802e-03 -1.000 2.000e-02 -1.913 -0.980 -0.910 -0.832 -0.799 -0.769 -0.747 -0.732 -0.727 -0.806 -0.740 -0.719 -0.712 -0.764 -1.087 -1.413 -1.737 -1.700 -1.122 -1.387
0.02 0.14251 6.00000 4.3181262016 2.6098941170    4.315  2.690  4.1292  3.852    0  0.000  0.538     0.00     0.00     0.00     0.00     0.00 -1    -1e-30      0.00 6.960e-01 2.840e-01 3.549e-03 9.691e-04 8.802e-03 -1.000 2.000e-02 -1.956 -0.950 -0.874 -0.791 -0.756 -0.723 -0.700 -0.683 -0.678 -0.763 -0.693 -0.669 -0.661 -0.713 -1.036 -1.362 -1.686 -1.649 -1.070 -1.335
0.02 0.14251 6.00000 4.3362979889 2.6100250204    4.333  2.704  4.1410  3.886    0  0.000  0.538     0.00     0.00     0.00     0.00     0.00 -1    -1e-30      0.00 6.960e-01 2.840e-01 3.549e-03 9.691e-04 8.802e-03 -1.000 2.000e-02 -1.991 -0.915 -0.832 -0.745 -0.707 -0.672 -0.647 -0.630 -0.623 -0.715 -0.639 -0.614 -0.606 -0.657 -0.980 -1.306 -1.629 -1.593 -1.013 -1.278
0.02 0.14251 6.00000 4.3512430191 2.6101317376    4.347  2.713  4.1500  3.915    0  0.000  0.538     0.00     0.00     0.00     0.00     0.00 -1    -1e-30      0.00 6.960e-01 2.840e-01 3.549e-03 9.691e-04 8.802e-03 -1.000 2.000e-02 -2.014 -0.883 -0.794 -0.704 -0.665 -0.627 -0.601 -0.583 -0.576 -0.672 -0.593 -0.567 -0.558 -0.609 -0.932 -1.258 -1.581 -1.545 -0.965 -1.229
0.02 0.14251 6.00000 4.3524880409 2.6101405898    4.349  2.714  4.1506  3.917    0  0.000  0.538     0.00     0.00     0.00     0.00     0.00 -1    -1e-30      0.00 6.960e-01 2.840e-01 3.549e-03 9.691e-04 8.802e-03 -1.000 2.000e-02 -2.014 -0.879 -0.791 -0.700 -0.661 -0.623 -0.597 -0.579 -0.572 -0.668 -0.589 -0.562 -0.553 -0.604 -0.927 -1.253 -1.577 -1.540 -0.960 -1.225
0.02 0.14251 6.00000 4.3593783379 2.6101894755    4.356  2.714  4.1537  3.930    0  0.000  0.538     0.00     0.00     0.00     0.00     0.00 -1    -1e-30      0.00 6.960e-01 2.840e-01 3.549e-03 9.691e-04 8.802e-03 -1.000 2.000e-02 -2.015 -0.861 -0.770 -0.679 -0.639 -0.600 -0.574 -0.556 -0.549 -0.647 -0.566 -0.539 -0.530 -0.580 -0.903 -1.229 -1.553 -1.516 -0.936 -1.201
0.02 0.14251 6.00000 4.3608937263 2.6102002031    4.358  2.714  4.1544  3.933    0  0.000  0.538     0.00     0.00     0.00     0.00     0.00 -1    -1e-30      0.00 6.960e-01 2.840e-01 3.549e-03 9.691e-04 8.802e-03 -1.000 2.000e-02 -2.015 -0.857 -0.766 -0.674 -0.634 -0.596 -0.569 -0.551 -0.544 -0.642 -0.561 -0.534 -0.524 -0.575 -0.898 -1.224 -1.548 -1.511 -0.931 -1.196
0.02 0.14251 6.00000 4.3650727272 2.6102297424    4.362  2.714  4.1563  3.941    0  0.000  0.538     0.00     0.00     0.00     0.00     0.00 -1    -1e-30      0.00 6.960e-01 2.840e-01 3.549e-03 9.691e-04 8.802e-03 -1.000 2.000e-02 -2.016 -0.845 -0.753 -0.661 -0.620 -0.582 -0.555 -0.536 -0.529 -0.628 -0.547 -0.519 -0.510 -0.560 -0.883 -1.209 -1.533 -1.496 -0.916 -1.181
0.02 0.14251 6.00000 4.3691554070 2.6102585381    4.366  2.715  4.1582  3.948    0  0.000  0.538     0.00     0.00     0.00     0.00     0.00 -1    -1e-30      0.00 6.960e-01 2.840e-01 3.549e-03 9.691e-04 8.802e-03 -1.000 2.000e-02 -2.016 -0.834 -0.741 -0.648 -0.607 -0.568 -0.541 -0.522 -0.515 -0.615 -0.533 -0.505 -0.496 -0.546 -0.869 -1.195 -1.518 -1.482 -0.902 -1.166
0.02 0.14251 6.00000 4.3729300499 2.6102851062    4.370  2.712  4.1592  3.955    0  0.000  0.538     0.00     0.00     0.00     0.00     0.00 -1    -1e-30      0.00 6.960e-01 2.840e-01 3.549e-03 9.691e-04 8.802e-03 -1.000 2.000e-02 -2.011 -0.822 -0.729 -0.635 -0.594 -0.555 -0.527 -0.509 -0.502 -0.602 -0.519 -0.491 -0.482 -0.532 -0.855 -1.181 -1.505 -1.468 -0.888 -1.152
0.02 0.14251 6.00000 4.3767967224 2.6103122674    4.373  2.709  4.1600  3.962    0  0.000  0.538     0.00     0.00     0.00     0.00     0.00 -1    -1e-30      0.00 6.960e-01 2.840e-01 3.549e-03 9.691e-04 8.802e-03 -1.000 2.000e-02 -2.002 -0.809 -0.715 -0.621 -0.580 -0.541 -0.513 -0.495 -0.488 -0.588 -0.505 -0.477 -0.468 -0.518 -0.841 -1.167 -1.490 -1.454 -0.873 -1.138
0.02 0.14251 6.00000 4.3811759949 2.6103429627    4.378  2.705  4.1609  3.969    0  0.000  0.538     0.00     0.00     0.00     0.00     0.00 -1    -1e-30      0.00 6.960e-01 2.840e-01 3.549e-03 9.691e-04 8.802e-03 -1.000 2.000e-02 -1.993 -0.795 -0.700 -0.606 -0.565 -0.525 -0.498 -0.479 -0.472 -0.573 -0.489 -0.461 -0.452 -0.502 -0.825 -1.151 -1.474 -1.438 -0.857 -1.122
0.02 0.14251 6.00000 4.3870568275 2.6103840720    4.384  2.700  4.1620  3.980    0  0.000  0.538     0.00     0.00     0.00     0.00     0.00 -1    -1e-30      0.00 6.960e-01 2.840e-01 3.549e-03 9.691e-04 8.802e-03 -1.000 2.000e-02 -1.980 -0.775 -0.680 -0.585 -0.544 -0.504 -0.476 -0.457 -0.450 -0.552 -0.468 -0.439 -0.430 -0.480 -0.803 -1.129 -1.453 -1.416 -0.836 -1.100
0.02 0.14251 6.00000 4.4179444313 2.6105979234    4.414  2.665  4.1652  4.030    0  0.000  0.538     0.00     0.00     0.00     0.00     0.00 -1    -1e-30      0.00 6.960e-01 2.840e-01 3.549e-03 9.691e-04 8.802e-03 -1.000 2.000e-02 -1.893 -0.667 -0.570 -0.475 -0.433 -0.392 -0.364 -0.345 -0.338 -0.441 -0.356 -0.327 -0.317 -0.367 -0.690 -1.016 -1.340 -1.303 -0.723 -0.987
0.02 0.14251 6.00000 4.4429397583 2.6107684785    4.439  2.625  4.1630  4.065    0  0.000  0.538     0.00     0.00     0.00     0.00     0.00 -1    -1e-30      0.00 6.960e-01 2.840e-01 3.549e-03 9.691e-04 8.802e-03 -1.000 2.000e-02 -1.792 -0.579 -0.483 -0.389 -0.347 -0.307 -0.279 -0.260 -0.253 -0.355 -0.271 -0.242 -0.233 -0.283 -0.606 -0.932 -1.255 -1.219 -0.638 -0.903
0.02 0.14251 6.00000 4.4634146690 2.6109065531    4.460  2.591  4.1597  4.087    0  0.000  0.538     0.00     0.00     0.00     0.00     0.00 -1    -1e-30      0.00 6.960e-01 2.840e-01 3.549e-03 9.691e-04 8.802e-03 -1.000 2.000e-02 -1.708 -0.515 -0.420 -0.328 -0.287 -0.247 -0.220 -0.201 -0.194 -0.295 -0.212 -0.184 -0.174 -0.225 -0.548 -0.874 -1.197 -1.161 -0.580 -0.845
0.02 0.14251 6.00000 4.4774627686 2.6110004483    4.474  2.572  4.1574  4.099    0  0.000  0.538     0.00     0.00     0.00     0.00     0.00 -1    -1e-30      0.00 6.960e-01 2.840e-01 3.549e-03 9.691e-04 8.802e-03 -1.000 2.000e-02 -1.659 -0.480 -0.387 -0.295 -0.255 -0.215 -0.188 -0.170 -0.163 -0.262 -0.180 -0.153 -0.143 -0.194 -0.517 -0.843 -1.166 -1.130 -0.550 -0.814
0.02 0.14251 6.00000 4.4872550964 2.6110654988    4.483  2.559  4.1559  4.106    0  0.000  0.538     0.00     0.00     0.00     0.00     0.00 -1    -1e-30      0.00 6.960e-01 2.840e-01 3.549e-03 9.691e-04 8.802e-03 -1.000 2.000e-02 -1.628 -0.459 -0.366 -0.275 -0.235 -0.195 -0.169 -0.151 -0.144 -0.242 -0.161 -0.133 -0.124 -0.175 -0.498 -0.824 -1.148 -1.111 -0.531 -0.796
0.02 0.14251 6.00000 4.4948182106 2.6111155177    4.491  2.554  4.1552  4.109    0  0.000  0.538     0.00     0.00     0.00     0.00     0.00 -1    -1e-30      0.00 6.960e-01 2.840e-01 3.549e-03 9.691e-04 8.802e-03 -1.000 2.000e-02 -1.615 -0.449 -0.357 -0.266 -0.226 -0.187 -0.160 -0.142 -0.135 -0.234 -0.152 -0.125 -0.116 -0.167 -0.490 -0.816 -1.139 -1.103 -0.523 -0.787
0.02 0.14251 6.00000 4.5039610863 2.6111757265    4.500  2.550  4.1548  4.112    0  0.000  0.538     0.00     0.00     0.00     0.00     0.00 -1    -1e-30      0.00 6.960e-01 2.840e-01 3.549e-03 9.691e-04 8.802e-03 -1.000 2.000e-02 -1.605 -0.442 -0.349 -0.259 -0.219 -0.180 -0.153 -0.135 -0.128 -0.227 -0.146 -0.118 -0.109 -0.160 -0.483 -0.809 -1.132 -1.096 -0.516 -0.781
0.02 0.14251 6.00000 4.5234870911 2.6113033748    4.519  2.543  4.1540  4.118    0  0.000  0.538     0.00     0.00     0.00     0.00     0.00 -1    -1e-30      0.00 6.960e-01 2.840e-01 3.549e-03 9.691e-04 8.802e-03 -1.000 2.000e-02 -1.587 -0.429 -0.336 -0.246 -0.206 -0.168 -0.141 -0.123 -0.116 -0.214 -0.133 -0.106 -0.097 -0.148 -0.471 -0.797 -1.120 -1.084 -0.504 -0.769
0.02 0.14251 6.00000 4.5338225365 2.6113704297    4.530  2.539  4.1536  4.122    0  0.000  0.538     0.00     0.00     0.00     0.00     0.00 -1    -1e-30      0.00 6.960e-01 2.840e-01 3.549e-03 9.691e-04 8.802e-03 -1.000 2.000e-02 -1.578 -0.422 -0.330 -0.240 -0.200 -0.161 -0.135 -0.117 -0.110 -0.208 -0.127 -0.100 -0.091 -0.142 -0.465 -0.791 -1.114 -1.078 -0.498 -0.762
0.02 0.14251 6.00000 4.5377001762 2.6113954967    4.534  2.538  4.1535  4.123    0  0.000  0.538     0.00     0.00     0.00     0.00     0.00 -1    -1e-30      0.00 6.960e-01 2.840e-01 3.549e-03 9.691e-04 8.802e-03 -1.000 2.000e-02 -1.574 -0.419 -0.327 -0.237 -0.198 -0.159 -0.133 -0.115 -0.108 -0.205 -0.125 -0.098 -0.089 -0.139 -0.463 -0.788 -1.112 -1.075 -0.495 -0.760
0.02 0.14251 6.00000 4.5391006470 2.6114045379    4.535  2.537  4.1534  4.123    0  0.000  0.538     0.00     0.00     0.00     0.00     0.00 -1    -1e-30      0.00 6.960e-01 2.840e-01 3.549e-03 9.691e-04 8.802e-03 -1.000 2.000e-02 -1.573 -0.418 -0.326 -0.237 -0.197 -0.158 -0.132 -0.114 -0.107 -0.204 -0.124 -0.097 -0.088 -0.139 -0.462 -0.788 -1.111 -1.075 -0.495 -0.759
0.02 0.14251 6.00000 4.5401468277 2.6114112877    4.536  2.537  4.1534  4.123    0  0.000  0.538     0.00     0.00     0.00     0.00     0.00 -1    -1e-30      0.00 6.960e-01 2.840e-01 3.549e-03 9.691e-04 8.802e-03 -1.000 2.000e-02 -1.572 -0.418 -0.326 -0.236 -0.196 -0.157 -0.131 -0.113 -0.106 -0.204 -0.123 -0.096 -0.087 -0.138 -0.461 -0.787 -1.110 -1.074 -0.494 -0.759
0.02 0.14251 6.00000 4.5412364006 2.6114183137    4.537  2.536  4.1533  4.124    0  0.000  0.538     0.00     0.00     0.00     0.00     0.00 -1    -1e-30      0.00 6.960e-01 2.840e-01 3.549e-03 9.691e-04 8.802e-03 -1.000 2.000e-02 -1.571 -0.417 -0.325 -0.235 -0.195 -0.157 -0.130 -0.112 -0.105 -0.203 -0.122 -0.095 -0.086 -0.137 -0.460 -0.786 -1.110 -1.073 -0.493 -0.758
0.02 0.14251 6.00000 4.5425648689 2.6114268748    4.539  2.536  4.1533  4.124    0  0.000  0.538     0.00     0.00     0.00     0.00     0.00 -1    -1e-30      0.00 6.960e-01 2.840e-01 3.549e-03 9.691e-04 8.802e-03 -1.000 2.000e-02 -1.570 -0.416 -0.324 -0.234 -0.195 -0.156 -0.129 -0.112 -0.105 -0.202 -0.122 -0.095 -0.086 -0.137 -0.460 -0.785 -1.109 -1.073 -0.492 -0.757
0.02 0.14251 6.00000 4.5430164337 2.6114297836    4.539  2.536  4.1533  4.124    0  0.000  0.538     0.00     0.00     0.00     0.00     0.00 -1    -1e-30      0.00 6.960e-01 2.840e-01 3.549e-03 9.691e-04 8.802e-03 -1.000 2.000e-02 -1.569 -0.416 -0.324 -0.234 -0.194 -0.155 -0.129 -0.111 -0.104 -0.202 -0.121 -0.094 -0.085 -0.136 -0.459 -0.785 -1.109 -1.072 -0.492 -0.757
0.02 0.14251 6.00000 4.5444188118 2.6114388128    4.541  2.535  4.1532  4.125    0  0.000  0.538     0.00     0.00     0.00     0.00     0.00 -1    -1e-30      0.00 6.960e-01 2.840e-01 3.549e-03 9.691e-04 8.802e-03 -1.000 2.000e-02 -1.568 -0.415 -0.323 -0.233 -0.193 -0.155 -0.128 -0.110 -0.103 -0.201 -0.120 -0.093 -0.084 -0.135 -0.458 -0.784 -1.108 -1.071 -0.491 -0.756
0.02 0.14251 6.00000 4.5472950935 2.6114573117    4.544  2.534  4.1531  4.126    0  0.000  0.538     0.00     0.00     0.00     0.00     0.00 -1    -1e-30      0.00 6.960e-01 2.840e-01 3.549e-03 9.691e-04 8.802e-03 -1.000 2.000e-02 -1.566 -0.413 -0.321 -0.231 -0.192 -0.153 -0.127 -0.109 -0.102 -0.199 -0.119 -0.092 -0.083 -0.134 -0.457 -0.783 -1.106 -1.070 -0.490 -0.754
0.02 0.14251 6.00000 4.5510659218 2.6114815231    4.548  2.533  4.1530  4.127    0  0.000  0.538     0.00     0.00     0.00     0.00     0.00 -1    -1e-30      0.00 6.960e-01 2.840e-01 3.549e-03 9.691e-04 8.802e-03 -1.000 2.000e-02 -1.562 -0.410 -0.318 -0.229 -0.189 -0.151 -0.124 -0.106 -0.099 -0.197 -0.116 -0.089 -0.080 -0.131 -0.454 -0.780 -1.104 -1.067 -0.487 -0.752
0.02 0.14251 6.00000 4.5775771141 2.6116504498    4.574  2.549  4.1570  4.129    0  0.000  0.538     0.00     0.00     0.00     0.00     0.00 -1    -1e-30      0.00 6.960e-01 2.840e-01 3.549e-03 9.691e-04 8.802e-03 -1.000 2.000e-02 -1.603 -0.426 -0.332 -0.241 -0.201 -0.161 -0.134 -0.116 -0.109 -0.208 -0.127 -0.099 -0.090 -0.140 -0.463 -0.789 -1.113 -1.076 -0.496 -0.761
0.02 0.14251 6.00000 4.6110382080 2.6118604748    4.607  2.570  4.1621  4.132    0  0.000  0.538     0.00     0.00     0.00     0.00     0.00 -1    -1e-30      0.00 6.960e-01 2.840e-01 3.549e-03 9.691e-04 8.802e-03 -1.000 2.000e-02 -1.654 -0.446 -0.350 -0.257 -0.215 -0.175 -0.147 -0.129 -0.121 -0.223 -0.139 -0.111 -0.101 -0.152 -0.475 -0.801 -1.124 -1.087 -0.507 -0.772
0.02 0.14251 6.00000 4.6367344856 2.6120193982    4.633  2.586  4.1662  4.135    0  0.000  0.538     0.00     0.00     0.00     0.00     0.00 -1    -1e-30      0.00 6.960e-01 2.840e-01 3.549e-03 9.691e-04 8.802e-03 -1.000 2.000e-02 -1.695 -0.461 -0.363 -0.268 -0.226 -0.185 -0.157 -0.138 -0.130 -0.234 -0.148 -0.119 -0.110 -0.160 -0.483 -0.809 -1.132 -1.096 -0.515 -0.779
0.02 0.14251 6.00000 4.6606564522 2.6121655381    4.657  2.604  4.1712  4.139    0  0.000  0.538     0.00     0.00     0.00     0.00     0.00 -1    -1e-30      0.00 6.960e-01 2.840e-01 3.549e-03 9.691e-04 8.802e-03 -1.000 2.000e-02 -1.740 -0.475 -0.374 -0.278 -0.235 -0.192 -0.164 -0.144 -0.136 -0.243 -0.155 -0.125 -0.115 -0.165 -0.488 -0.814 -1.138 -1.101 -0.520 -0.785
0.02 0.14251 6.00000 4.6859822273 2.6123183854    4.682  2.624  4.1769  4.144    0  0.000  0.538     0.00     0.00     0.00     0.00     0.00 -1    -1e-30      0.00 6.960e-01 2.840e-01 3.549e-03 9.691e-04 8.802e-03 -1.000 2.000e-02 -1.789 -0.490 -0.386 -0.287 -0.243 -0.200 -0.170 -0.150 -0.142 -0.251 -0.162 -0.131 -0.121 -0.171 -0.493 -0.819 -1.143 -1.106 -0.525 -0.789
0.02 0.14251 6.00000 4.7148704529 2.6124904297    4.711  2.649  4.1846  4.153    0  0.000  0.538     0.00     0.00     0.00     0.00     0.00 -1    -1e-30      0.00 6.960e-01 2.840e-01 3.549e-03 9.691e-04 8.802e-03 -1.000 2.000e-02 -1.852 -0.504 -0.397 -0.295 -0.250 -0.205 -0.175 -0.154 -0.145 -0.258 -0.166 -0.134 -0.123 -0.173 -0.495 -0.821 -1.145 -1.108 -0.527 -0.791
0.02 0.14251 6.00000 4.7251396179 2.6125510053    4.722  2.658  4.1876  4.156    0  0.000  0.538     0.00     0.00     0.00     0.00     0.00 -1    -1e-30      0.00 6.960e-01 2.840e-01 3.549e-03 9.691e-04 8.802e-03 -1.000 2.000e-02 -1.876 -0.509 -0.400 -0.298 -0.252 -0.206 -0.175 -0.155 -0.146 -0.260 -0.166 -0.134 -0.123 -0.173 -0.495 -0.821 -1.145 -1.108 -0.527 -0.791
0.02 0.14251 6.00000 4.7359995842 2.6126147374    4.733  2.668  4.1907  4.160    0  0.000  0.538     0.00     0.00     0.00     0.00     0.00 -1    -1e-30      0.00 6.960e-01 2.840e-01 3.549e-03 9.691e-04 8.802e-03 -1.000 2.000e-02 -1.900 -0.514 -0.404 -0.300 -0.254 -0.207 -0.176 -0.155 -0.147 -0.262 -0.167 -0.134 -0.123 -0.173 -0.496 -0.821 -1.145 -1.108 -0.526 -0.790
0.02 0.14251 6.00000 4.7645826340 2.6127808822    4.762  2.697  4.2006  4.173    0  0.000  0.538     0.00     0.00     0.00     0.00     0.00 -1    -1e-30      0.00 6.960e-01 2.840e-01 3.549e-03 9.691e-04 8.802e-03 -1.000 2.000e-02 -1.974 -0.526 -0.410 -0.303 -0.255 -0.207 -0.174 -0.153 -0.143 -0.264 -0.165 -0.131 -0.119 -0.168 -0.491 -0.817 -1.140 -1.103 -0.521 -0.785
0.02 0.14251 6.00000 4.7855892181 2.6129015332    4.783  2.720  4.2086  4.184    0  0.000  0.538     0.00     0.00     0.00     0.00     0.00 -1    -1e-30      0.00 6.960e-01 2.840e-01 3.549e-03 9.691e-04 8.802e-03 -1.000 2.000e-02 -2.031 -0.532 -0.413 -0.303 -0.253 -0.203 -0.170 -0.148 -0.138 -0.262 -0.160 -0.125 -0.113 -0.161 -0.484 -0.810 -1.133 -1.096 -0.514 -0.778
0.02 0.14251 6.00000 4.8032889366 2.6130022498    4.800  2.739  4.2157  4.195    0  0.000  0.538     0.00     0.00     0.00     0.00     0.00 -1    -1e-30      0.00 6.960e-01 2.840e-01 3.549e-03 9.691e-04 8.802e-03 -1.000 2.000e-02 -2.078 -0.535 -0.413 -0.300 -0.249 -0.198 -0.164 -0.141 -0.130 -0.258 -0.153 -0.117 -0.105 -0.153 -0.476 -0.802 -1.125 -1.088 -0.505 -0.769
0.02 0.14251 6.00000 4.8396449089 2.6132064712    4.837  2.768  4.2283  4.220    0  0.000  0.538     0.00     0.00     0.00     0.00     0.00 -1    -1e-30      0.00 6.960e-01 2.840e-01 3.549e-03 9.691e-04 8.802e-03 -1.000 2.000e-02 -2.150 -0.527 -0.399 -0.282 -0.229 -0.175 -0.139 -0.115 -0.104 -0.238 -0.128 -0.090 -0.077 -0.125 -0.447 -0.773 -1.097 -1.059 -0.477 -0.740
0.02 0.14251 6.00000 4.8841176033 2.6134515381    4.881  2.772  4.2356  4.249    0  0.000  0.538     0.00     0.00     0.00     0.00     0.00 -1    -1e-30      0.00 6.960e-01 2.840e-01 3.549e-03 9.691e-04 8.802e-03 -1.000 2.000e-02 -2.159 -0.490 -0.358 -0.239 -0.185 -0.129 -0.092 -0.068 -0.056 -0.194 -0.081 -0.042 -0.028 -0.076 -0.399 -0.725 -1.048 -1.011 -0.428 -0.691
0.02 0.14251 6.00000 4.9044861794 2.6135620742    4.902  2.771  4.2384  4.263    0  0.000  0.538     0.00     0.00     0.00     0.00     0.00 -1    -1e-30      0.00 6.960e-01 2.840e-01 3.549e-03 9.691e-04 8.802e-03 -1.000 2.000e-02 -2.158 -0.471 -0.338 -0.218 -0.163 -0.107 -0.070 -0.045 -0.033 -0.173 -0.059 -0.019 -0.005 -0.053 -0.375 -0.701 -1.024 -0.987 -0.404 -0.667
0.02 0.14251 6.00000 4.9072623253 2.6135770581    4.905  2.770  4.2384  4.264    0  0.000  0.538     0.00     0.00     0.00     0.00     0.00 -1    -1e-30      0.00 6.960e-01 2.840e-01 3.549e-03 9.691e-04 8.802e-03 -1.000 2.000e-02 -2.156 -0.469 -0.335 -0.216 -0.160 -0.104 -0.067 -0.042 -0.031 -0.170 -0.056 -0.016 -0.003 -0.050 -0.373 -0.699 -1.022 -0.985 -0.402 -0.665
0.02 0.14251 6.00000 4.9590940475 2.6138532741    4.957  2.756  4.2395  4.287    0  0.000  0.538     0.00     0.00     0.00     0.00     0.00 -1    -1e-30      0.00 6.960e-01 2.840e-01 3.549e-03 9.691e-04 8.802e-03 -1.000 2.000e-02 -2.119 -0.425 -0.291 -0.171 -0.116 -0.060 -0.022 0.003 0.014 -0.126 -0.011 0.029 0.042 -0.005 -0.328 -0.654 -0.977 -0.939 -0.356 -0.619
0.02 0.14251 6.00000 5.0893855095 2.6145191239    5.088  2.755  4.2410  4.305    0  0.000  0.538     0.00     0.00     0.00     0.00     0.00 -1    -1e-30      0.00 6.960e-01 2.840e-01 3.549e-03 9.691e-04 8.802e-03 -1.000 2.000e-02 -2.119 -0.415 -0.280 -0.160 -0.104 -0.048 -0.010 0.015 0.026 -0.114 0.001 0.041 0.055 0.007 -0.315 -0.641 -0.964 -0.927 -0.344 -0.607
0.02 0.14251 6.00000 5.1067981720 2.6146051557    5.105  2.757  4.2412  4.306    0  0.000  0.538     0.00     0.00     0.00     0.00     0.00 -1    -1e-30      0.00 6.960e-01 2.840e-01 3.549e-03 9.691e-04 8.802e-03 -1.000 2.000e-02 -2.122 -0.416 -0.281 -0.161 -0.105 -0.049 -0.011 0.014 0.026 -0.115 -0.000 0.040 0.054 0.006 -0.316 -0.642 -0.965 -0.928 -0.345 -0.608
0.02 0.14251 6.00000 5.2715082169 2.6153867229    5.271  2.806  4.2497  4.304    0  0.000  0.538     0.00     0.00     0.00     0.00     0.00 -1    -1e-30      0.00 6.960e-01 2.840e-01 3.549e-03 9.691e-04 8.802e-03 -1.000 2.000e-02 -2.245 -0.487 -0.348 -0.225 -0.168 -0.110 -0.071 -0.045 -0.033 -0.178 -0.060 -0.018 -0.004 -0.051 -0.373 -0.699 -1.022 -0.985 -0.402 -0.665
0.02 0.14251 6.00000 5.4536314011 2.6161880238    5.454  2.860  4.2587  4.302    0  0.000  0.538     0.00     0.00     0.00     0.00     0.00 -1    -1e-30      0.00 6.960e-01 2.840e-01 3.549e-03 9.691e-04 8.802e-03 -1.000 2.000e-02 -2.379 -0.564 -0.421 -0.295 -0.236 -0.176 -0.136 -0.109 -0.097 -0.246 -0.124 -0.081 -0.066 -0.113 -0.435 -0.761 -1.084 -1.047 -0.463 -0.726
0.02 0.14251 6.00000 5.6357536316 2.6169300560    5.636  2.911  4.2673  4.300    0  0.000  0.538     0.00     0.00     0.00     0.00     0.00 -1    -1e-30      0.00 6.960e-01 2.840e-01 3.549e-03 9.691e-04 8.802e-03 -1.000 2.000e-02 -2.506 -0.638 -0.491 -0.362 -0.301 -0.239 -0.198 -0.171 -0.158 -0.312 -0.186 -0.142 -0.126 -0.173 -0.495 -0.821 -1.144 -1.107 -0.523 -0.785
0.02 0.14251 6.00000 5.8178763390 2.6176189185    5.818  2.960  4.2757  4.297    0  0.000  0.538     0.00     0.00     0.00     0.00     0.00 -1    -1e-30      0.00 6.960e-01 2.840e-01 3.549e-03 9.691e-04 8.802e-03 -1.000 2.000e-02 -2.631 -0.710 -0.559 -0.427 -0.365 -0.302 -0.259 -0.231 -0.218 -0.376 -0.247 -0.201 -0.185 -0.231 -0.553 -0.879 -1.202 -1.165 -0.580 -0.843
0.02 0.14251 6.00000 6.0000000000 2.6182599138    6.000  3.008  4.2836  4.295    0  0.000  0.538     0.00     0.00     0.00     0.00     0.00 -1    -1e-30      0.00 6.960e-01 2.840e-01 3.549e-03 9.691e-04 8.802e-03 -1.000 2.000e-02 -2.749 -0.779 -0.625 -0.490 -0.427 -0.362 -0.318 -0.289 -0.275 -0.438 -0.306 -0.258 -0.242 -0.287 -0.609 -0.935 -1.258 -1.221 -0.636 -0.898
0.02 0.14251 6.00000 6.1999998093 2.6189141709    6.200  3.057  4.2917  4.292    0  0.000  0.538     0.00     0.00     0.00     0.00     0.00 -1    -1e-30      0.00 6.960e-01 2.840e-01 3.549e-03 9.691e-04 8.802e-03 -1.000 2.000e-02 -2.872 -0.852 -0.695 -0.557 -0.492 -0.425 -0.380 -0.350 -0.336 -0.503 -0.367 -0.318 -0.301 -0.346 -0.668 -0.994 -1.317 -1.279 -0.694 -0.956
0.02 0.14251 6.00000 6.4000000954 2.6195216279    6.399  3.106  4.2998  4.290    0  0.000  0.538     0.00     0.00     0.00     0.00     0.00 -1    -1e-30      0.00 6.960e-01 2.840e-01 3.549e-03 9.691e-04 8.802e-03 -1.000 2.000e-02 -2.995 -0.924 -0.763 -0.623 -0.556 -0.488 -0.442 -0.411 -0.396 -0.568 -0.428 -0.377 -0.360 -0.405 -0.727 -1.053 -1.376 -1.338 -0.753 -1.014
0.02 0.14251 6.00000 7.0000000000 2.6211069280    6.996  3.241  4.3219  4.282    0  0.000  0.538     0.00     0.00     0.00     0.00     0.00 -1    -1e-30      0.00 6.960e-01 2.840e-01 3.549e-03 9.691e-04 8.802e-03 -1.000 2.000e-02 -3.332 -1.126 -0.956 -0.808 -0.737 -0.664 -0.614 -0.581 -0.564 -0.749 -0.600 -0.544 -0.525 -0.568 -0.890 -1.216 -1.539 -1.501 -0.914 -1.176
0.02 0.14251 6.00000 8.0000000000 2.6231516585    8.001  3.440  4.3541  4.270    0  0.000  0.538     0.00     0.00     0.00     0.00     0.00 -1    -1e-30      0.00 6.960e-01 2.840e-01 3.549e-03 9.691e-04 8.802e-03 -1.000 2.000e-02 -3.829 -1.429 -1.246 -1.088 -1.010 -0.930 -0.874 -0.837 -0.818 -1.024 -0.858 -0.794 -0.772 -0.813 -1.135 -1.461 -1.784 -1.745 -1.158 -1.418
0.02 0.14251 6.00000 9.0000000000 2.6246829947    8.995  3.611  4.3812  4.258    1  0.000  0.538     0.00     0.00     0.00     0.00     0.00 -1    -1e-30      0.00 6.960e-01 2.840e-01 3.549e-03 9.691e-04 8.802e-03 -1.000 2.000e-02 -4.256 -1.696 -1.503 -1.336 -1.253 -1.167 -1.106 -1.066 -1.044 -1.267 -1.089 -1.018 -0.993 -1.033 -1.355 -1.680 -2.003 -1.964 -1.376 -1.637
0.02 0.14251 6.00000 10.0000000000 2.6258676431    9.998  3.761  4.4046  4.248    1  0.000  0.538     0.00     0.00     0.00     0.00     0.00 -1    -1e-30      0.00 6.960e-01 2.840e-01 3.549e-03 9.691e-04 8.802e-03 -1.000 2.000e-02 -4.631 -1.954 -1.787 -1.591 -1.513 -1.431 -1.373 -1.329 -1.309 -1.527 -1.354 -1.682 -2.561 -2.941 -2.535 -1.651 -1.981 -2.408 -2.522 -1.835
0.02 0.14251 6.00000 11.0000000000 2.6268081058   11.001  3.894  4.4249  4.237    1  0.000  0.538     0.00     0.00     0.00     0.00     0.00 -1    -1e-30      0.00 6.960e-01 2.840e-01 3.549e-03 9.691e-04 8.802e-03 -1.000 2.000e-02 -4.964 -2.158 -1.976 -1.768 -1.684 -1.592 -1.531 -1.491 -1.476 -1.699 -1.514 -1.853 -2.731 -3.111 -2.704 -1.817 -2.147 -2.573 -2.686 -1.989
0.02 0.14251 6.00000 12.0000000000 2.6275706487   12.001  4.013  4.4428  4.227    1  0.000  0.538     0.00     0.00     0.00     0.00     0.00 -1    -1e-30      0.00 6.960e-01 2.840e-01 3.549e-03 9.691e-04 8.802e-03 -1.000 2.000e-02 -5.262 -2.360 -2.182 -1.981 -1.885 -1.789 -1.741 -1.711 -1.696 -1.904 -1.728 -2.069 -2.947 -3.326 -2.915 -2.011 -2.337 -2.764 -2.877 -2.189
0.02 0.14251 6.00000 14.0000000000 2.6287268957   13.988  4.219  4.4731  4.210    0  0.000  0.545     0.00     0.00     0.00     0.00     0.00 -1 -3.79e-09      0.00 6.960e-01 2.840e-01 3.596e-03 9.702e-04 8.799e-03 -1.000 2.000e-02 -5.776 -2.704 -2.516 -2.319 -2.229 -2.124 -2.056 -2.018 -2.001 -2.243 -2.040 -2.376 -3.254 -3.635 -3.229 -2.347 -2.677 -3.103 -3.215 -2.515
0.02 0.14251 6.00000 16.0000000000 2.6295573144   15.992  4.391  4.4980  4.195    0  0.000  0.545     0.00     0.00     0.00     0.00     0.00 -1 -9.36e-09      0.00 6.960e-01 2.840e-01 3.596e-03 9.702e-04 8.799e-03 -1.000 2.000e-02 -6.208 -2.995 -2.795 -2.583 -2.481 -2.371 -2.310 -2.286 -2.276 -2.499 -2.300 -2.650 -3.528 -3.907 -3.495 -2.587 -2.912 -3.338 -3.452 -2.759
0.02 0.14251 6.00000 17.3696804047 2.6300009585   17.345  4.494  4.5124  4.185    0  0.000  0.545     0.00     0.00     0.00     0.00     0.00 -1 -1.56e-08      0.00 6.960e-01 2.840e-01 3.596e-03 9.702e-04 8.799e-03 -1.000 2.000e-02 -6.465 -3.180 -2.974 -2.750 -2.637 -2.526 -2.466 -2.438 -2.424 -2.660 -2.454 -2.794 -3.672 -4.051 -3.641 -2.740 -3.066 -3.492 -3.605 -2.905
0.02 0.14251 6.00000 18.0000000000 2.6301792302   17.970  4.539  4.5187  4.181    0  0.000  0.545     0.00     0.00     0.00     0.00     0.00 -1 -1.95e-08      0.00 6.960e-01 2.840e-01 3.596e-03 9.702e-04 8.799e-03 -1.000 2.000e-02 -6.577 -3.261 -3.053 -2.824 -2.705 -2.595 -2.533 -2.503 -2.486 -2.731 -2.520 -2.855 -3.733 -4.112 -3.703 -2.807 -3.134 -3.560 -3.672 -2.969
0.02 0.14251 6.00000 19.8211536407 2.6306218498   19.783  4.655  4.5346  4.169    0  0.000  0.545     0.00     0.00     0.00     0.00     0.00 -1 -3.37e-08      0.00 6.960e-01 2.840e-01 3.596e-03 9.702e-04 8.799e-03 -1.000 2.000e-02 -6.869 -3.456 -3.237 -3.002 -2.884 -2.772 -2.703 -2.670 -2.654 -2.909 -2.689 -3.023 -3.901 -4.280 -3.870 -2.969 -3.294 -3.721 -3.833 -3.133
0.02 0.14251 6.00000 20.0000000000 2.6306603470   19.961  4.666  4.5361  4.168    0  0.000  0.545     0.00     0.00     0.00     0.00     0.00 -1 -3.55e-08      0.00 6.960e-01 2.840e-01 3.596e-03 9.702e-04 8.799e-03 -1.000 2.000e-02 -6.896 -3.473 -3.253 -3.017 -2.900 -2.788 -2.719 -2.686 -2.670 -2.925 -2.704 -3.039 -3.917 -4.296 -3.885 -2.983 -3.308 -3.735 -3.847 -3.148
0.02 0.14251 6.00000 23.4446773529 2.6312720745   23.367  4.851  4.5602  4.149    0  0.000  0.545     0.00     0.00     0.00     0.00     0.00 -1 -8.21e-08      0.00 6.960e-01 2.840e-01 3.596e-03 9.702e-04 8.799e-03 -1.000 2.000e-02 -7.357 -3.792 -3.560 -3.316 -3.200 -3.088 -3.021 -2.994 -2.981 -3.224 -3.009 -3.353 -4.231 -4.609 -4.195 -3.278 -3.601 -4.027 -4.140 -3.447
0.02 0.14251 6.00000 24.0000000000 2.6313519822   23.914  4.878  4.5638  4.146    0  0.000  0.545     0.00     0.00     0.00     0.00     0.00 -1  -9.3e-08      0.00 6.960e-01 2.840e-01 3.596e-03 9.702e-04 8.799e-03 -1.000 2.000e-02 -7.425 -3.844 -3.611 -3.365 -3.247 -3.137 -3.073 -3.046 -3.033 -3.273 -3.061 -3.406 -4.283 -4.661 -4.247 -3.331 -3.653 -4.080 -4.193 -3.498
0.02 0.14251 6.00000 27.7799911499 2.6317997498   27.592  5.036  4.5829  4.126    0  0.000  0.545     0.00     0.00     0.00     0.00     0.00 -1 -1.84e-07      0.00 6.960e-01 2.840e-01 3.596e-03 9.702e-04 8.799e-03 -1.000 2.000e-02 -7.821 -4.132 -3.903 -3.679 -3.573 -3.468 -3.406 -3.374 -3.365 -3.595 -3.392 -3.747 -4.628 -5.014 -4.624 -3.804 -4.150 -4.583 -4.709 -4.117
0.02 0.14251 6.00000 30.0000000000 2.6320031152   29.741  5.120  4.5929  4.115    0  0.000  0.545     0.00     0.00     0.00     0.00     0.00 -1 -2.64e-07      0.00 6.960e-01 2.840e-01 3.596e-03 9.702e-04 8.799e-03 -1.000 2.000e-02 -8.030 -4.251 -4.023 -3.804 -3.701 -3.596 -3.531 -3.497 -3.483 -3.721 -3.516 -3.860 -4.740 -5.125 -4.732 -3.898 -4.240 -4.672 -4.795 -4.182
0.02 0.14251 6.00000 34.3879814148 2.6323177233   33.945  5.258  4.6079  4.094    0  0.000  0.545     0.00     0.00     0.00     0.00     0.00 -1 -4.63e-07      0.00 6.960e-01 2.840e-01 3.596e-03 9.702e-04 8.799e-03 -1.000 2.000e-02 -8.375 -4.473 -4.246 -4.033 -3.932 -3.824 -3.754 -3.715 -3.697 -3.950 -3.737 -4.071 -4.950 -5.333 -4.933 -4.074 -4.410 -4.840 -4.959 -4.313
0.02 0.14251 6.00000 35.0000000000 2.6323544560   34.531  5.276  4.6098  4.092    0  0.000  0.545     0.00     0.00     0.00     0.00     0.00 -1 -4.97e-07      0.00 6.960e-01 2.840e-01 3.596e-03 9.702e-04 8.799e-03 -1.000 2.000e-02 -8.419 -4.504 -4.277 -4.064 -3.962 -3.854 -3.784 -3.745 -3.726 -3.981 -3.767 -4.100 -4.979 -5.361 -4.961 -4.098 -4.434 -4.863 -4.982 -4.332
0.02 0.14251 6.00000 36.1945343018 2.6324220526   35.666  5.308  4.6130  4.086    0  0.000  0.545     0.00     0.00     0.00     0.00     0.00 -1 -5.61e-07      0.00 6.960e-01 2.840e-01 3.596e-03 9.702e-04 8.799e-03 -1.000 2.000e-02 -8.500 -4.561 -4.336 -4.122 -4.019 -3.910 -3.839 -3.800 -3.781 -4.038 -3.822 -4.155 -5.034 -5.416 -5.014 -4.145 -4.479 -4.908 -5.026 -4.368
0.02 0.14251 6.00000 40.0000000000 2.6326067896   39.258  5.404  4.6223  4.069    0  0.000  0.545     0.00     0.00     0.00     0.00     0.00 -1 -8.06e-07      0.00 6.960e-01 2.840e-01 3.596e-03 9.702e-04 8.799e-03 -1.000 2.000e-02 -8.740 -4.734 -4.513 -4.297 -4.189 -4.080 -4.008 -3.968 -3.949 -4.210 -3.991 -4.322 -5.201 -5.581 -5.174 -4.287 -4.617 -5.045 -5.160 -4.481
0.02 0.14251 6.00000 45.0000000000 2.6327957669   43.652  5.504  4.6307  4.049    0  0.000  0.545     0.00     0.00     0.00     0.00     0.00 -1 -1.17e-06      0.00 6.960e-01 2.840e-01 3.596e-03 9.702e-04 8.799e-03 -1.000 2.000e-02 -8.990 -5.072 -4.844 -4.645 -4.576 -4.527 -4.542 -4.590 -4.663 -4.595 -4.564 -5.108 -5.999 -6.417 -6.111 -5.561 -5.963 -6.413 -6.573 -6.210
0.02 0.14251 6.00000 49.1317443848 2.6329190202   47.642  5.588  4.6373  4.030    0  0.000  0.545     0.00     0.00     0.00     0.00     0.00 -1 -1.61e-06      0.00 6.960e-01 2.840e-01 3.596e-03 9.702e-04 8.799e-03 -1.000 2.000e-02 -9.199 -5.241 -5.014 -4.816 -4.744 -4.690 -4.699 -4.741 -4.808 -4.763 -4.719 -5.249 -6.138 -6.555 -6.243 -5.674 -6.072 -6.520 -6.679 -6.302
0.02 0.14251 6.00000 50.0000000000 2.6329419605   48.475  5.604  4.6386  4.026    0  0.000  0.545     0.00     0.00     0.00     0.00     0.00 -1 -1.72e-06      0.00 6.960e-01 2.840e-01 3.596e-03 9.702e-04 8.799e-03 -1.000 2.000e-02 -9.241 -5.274 -5.048 -4.849 -4.777 -4.721 -4.729 -4.770 -4.835 -4.796 -4.748 -5.275 -6.164 -6.580 -6.267 -5.693 -6.090 -6.539 -6.697 -6.316
0.02 0.14251 6.00000 55.0000000000 2.6330580200   52.954  5.685  4.6437  4.004    0  0.000  0.545     0.00     0.00     0.00     0.00     0.00 -1 -2.28e-06      0.00 6.960e-01 2.840e-01 3.596e-03 9.702e-04 8.799e-03 -1.000 2.000e-02 -9.442 -5.440 -5.215 -5.017 -4.941 -4.880 -4.880 -4.913 -4.971 -4.960 -4.896 -5.405 -6.294 -6.707 -6.388 -5.790 -6.183 -6.630 -6.785 -6.385
0.02 0.14251 6.00000 57.8825531006 2.6331145518   55.499  5.726  4.6458  3.991    0  0.000  0.545     0.00     0.00     0.00     0.00     0.00 -1 -2.66e-06      0.00 6.960e-01 2.840e-01 3.596e-03 9.702e-04 8.799e-03 -1.000 2.000e-02 -9.546 -5.526 -5.302 -5.102 -5.024 -4.959 -4.954 -4.981 -5.034 -5.043 -4.966 -5.463 -6.351 -6.762 -6.438 -5.823 -6.212 -6.658 -6.811 -6.396
0.02 0.14251 6.00000 60.0000000000 2.6331521230   57.361  5.756  4.6473  3.982    0  0.000  0.545     0.00     0.00     0.00     0.00     0.00 -1 -2.98e-06      0.00 6.960e-01 2.840e-01 3.596e-03 9.702e-04 8.799e-03 -1.000 2.000e-02 -9.620 -5.585 -5.361 -5.160 -5.080 -5.012 -5.002 -5.025 -5.073 -5.100 -5.013 -5.499 -6.387 -6.796 -6.467 -5.839 -6.225 -6.670 -6.821 -6.395
0.02 0.14251 6.00000 63.1650390625 2.6332029178   60.132  5.797  4.6489  3.968    0  0.000  0.545     0.00     0.00     0.00     0.00     0.00 -1 -3.41e-06      0.00 6.960e-01 2.840e-01 3.596e-03 9.702e-04 8.799e-03 -1.000 2.000e-02 -9.722 -5.670 -5.446 -5.244 -5.161 -5.089 -5.073 -5.089 -5.132 -5.181 -5.081 -5.553 -6.440 -6.847 -6.512 -5.866 -6.248 -6.692 -6.841 -6.399
0.02 0.14251 6.00000 65.0000000000 2.6332297755   61.730  5.819  4.6497  3.960    0  0.000  0.545     0.00     0.00     0.00     0.00     0.00 -1 -3.69e-06      0.00 6.960e-01 2.840e-01 3.596e-03 9.702e-04 8.799e-03 -1.000 2.000e-02 -9.778 -5.718 -5.493 -5.290 -5.206 -5.132 -5.111 -5.124 -5.163 -5.226 -5.118 -5.582 -6.468 -6.874 -6.536 -5.879 -6.259 -6.702 -6.850 -6.398
0.02 0.14251 6.00000 70.0000000000 2.6332948117   66.025  5.876  4.6511  3.938    0  0.000  0.545     0.00     0.00     0.00     0.00     0.00 -1 -4.52e-06      0.00 6.960e-01 2.840e-01 3.596e-03 9.702e-04 8.799e-03 -1.000 2.000e-02 -9.921 -5.839 -5.614 -5.408 -5.320 -5.239 -5.209 -5.211 -5.241 -5.339 -5.210 -5.653 -6.538 -6.940 -6.593 -5.906 -6.281 -6.722 -6.866 -6.390
0.02 0.14251 6.00000 75.0000000000 2.6333499783   70.096  5.926  4.6514  3.915    0  0.000  0.545     0.00     0.00     0.00     0.00     0.00 -1 -5.36e-06      0.00 6.960e-01 2.840e-01 3.596e-03 9.702e-04 8.799e-03 -1.000 2.000e-02 -10.046 -5.951 -5.726 -5.517 -5.426 -5.340 -5.301 -5.295 -5.317 -5.445 -5.299 -5.723 -6.607 -7.007 -6.651 -5.941 -6.310 -6.750 -6.890 -6.393
0.02 0.14251 6.00000 80.0000000000 2.6333972910   74.403  5.976  4.6513  3.891    0  0.000  0.545     0.00     0.00     0.00     0.00     0.00 -1 -6.33e-06      0.00 6.960e-01 2.840e-01 3.596e-03 9.702e-04 8.799e-03 -1.000 2.000e-02 -10.170 -6.065 -5.840 -5.629 -5.533 -5.442 -5.395 -5.381 -5.395 -5.553 -5.389 -5.795 -6.679 -7.075 -6.712 -5.977 -6.342 -6.780 -6.917 -6.400
0.02 0.14251 6.00000 81.1784133911 2.6334074704   75.381  5.986  4.6511  3.885    0  0.000  0.545     0.00     0.00     0.00     0.00     0.00 -1 -6.57e-06      0.00 6.960e-01 2.840e-01 3.596e-03 9.702e-04 8.799e-03 -1.000 2.000e-02 -10.196 -6.091 -5.866 -5.654 -5.557 -5.465 -5.416 -5.400 -5.413 -5.578 -5.409 -5.812 -6.695 -7.091 -6.725 -5.986 -6.349 -6.787 -6.924 -6.401
0.02 0.14251 6.00000 90.0000000000 2.6334740396   82.602  6.060  4.6488  3.842    0  0.000  0.545     0.00     0.00     0.00     0.00     0.00 -1 -8.55e-06      0.00 6.960e-01 2.840e-01 3.596e-03 9.702e-04 8.799e-03 -1.000 2.000e-02 -10.380 -6.275 -6.050 -5.833 -5.732 -5.632 -5.571 -5.543 -5.545 -5.752 -5.559 -5.936 -6.818 -7.209 -6.833 -6.060 -6.417 -6.852 -6.984 -6.432
0.02 0.14251 6.00000 95.0000000000 2.6335055226   86.605  6.098  4.6466  3.816    0  0.000  0.545     0.00     0.00     0.00     0.00     0.00 -1 -9.62e-06      0.00 6.960e-01 2.840e-01 3.596e-03 9.702e-04 8.799e-03 -1.000 2.000e-02 -10.474 -6.379 -6.154 -5.936 -5.833 -5.731 -5.666 -5.635 -5.634 -5.854 -5.652 -6.023 -6.905 -7.295 -6.916 -6.136 -6.491 -6.926 -7.057 -6.498
0.02 0.14251 6.00000 100.0000000000 2.6335334127   90.547  6.133  4.6437  3.789    0  0.000  0.545     0.00     0.00     0.00     0.00     0.00 -1 -1.08e-05      0.00 6.960e-01 2.840e-01 3.596e-03 9.702e-04 8.799e-03 -1.000 2.000e-02 -10.562 -6.629 -6.411 -6.234 -6.186 -6.160 -6.214 -6.298 -6.402 -6.203 -6.253 -6.870 -7.765 -8.196 -7.922 -7.459 -7.877 -8.333 -8.507 -8.218
0.02 0.14251 6.00000 123.8028335571 2.6336187652  108.088  6.273  4.6376  3.701    0  0.000  0.049     0.00     0.00     0.00     0.00     0.00 -1 -1.76e-05      0.00 6.753e-01 3.043e-01 7.252e-05 6.976e-03 6.685e-03 -1.000 2.038e-02 -10.912 -7.046 -6.837 -6.673 -6.640 -6.633 -6.707 -6.808 -6.927 -6.656 -6.753 -7.404 -8.301 -8.737 -8.475 -8.037 -8.460 -8.918 -9.094 -8.821
0.02 0.14251 6.00000 135.6610107422 2.6336187652  115.871  6.330  4.6478  3.715    0  0.000  0.350     0.00     0.00     0.00     0.00     0.00 -1 -2.13e-05      0.00 6.423e-01 3.379e-01 1.686e-03 6.937e-03 4.555e-03 -1.000 1.981e-02 -11.055 -6.914 -6.685 -6.499 -6.420 -6.406 -6.402 -6.418 -6.528 -6.452 -6.411 -6.568 -6.792 -7.001 -7.106 -7.247 -7.347 -7.563 -7.692 -7.889
0.02 0.14251 6.00000 141.1332855225 2.6336187652  119.825  6.355  4.6500  3.714    0  0.000  0.258     0.00     0.00     0.00     0.00     0.00 -1 -2.31e-05      0.00 6.343e-01 3.459e-01 1.069e-03 8.703e-03 3.368e-03 -1.000 1.978e-02 -11.116 -6.959 -6.730 -6.545 -6.464 -6.451 -6.447 -6.463 -6.573 -6.497 -6.455 -6.613 -6.837 -7.044 -7.149 -7.290 -7.389 -7.605 -7.734 -7.930
0.02 0.14251 6.00000 146.2509155273 2.6336187652  123.819  6.377  4.6508  3.709    0  0.000  0.166     0.00     0.00     0.00     0.00     0.00 -1 -2.49e-05      0.00 6.320e-01 3.482e-01 5.108e-04 1.010e-02 2.520e-03 -1.000 1.977e-02 -11.172 -7.009 -6.780 -6.594 -6.514 -6.500 -6.497 -6.512 -6.622 -6.546 -6.505 -6.662 -6.886 -7.092 -7.197 -7.338 -7.438 -7.654 -7.783 -7.978
0.02 0.14251 6.00000 150.0000000000 2.6336187652  127.046  6.393  4.6507  3.704    0  0.000  0.092     0.00     0.00     0.00     0.00     0.00 -1 -2.61e-05      0.00 6.344e-01 3.458e-01 1.128e-04 1.095e-02 2.090e-03 -1.000 1.977e-02 -11.212 -7.050 -6.820 -6.635 -6.555 -6.541 -6.537 -6.553 -6.663 -6.587 -6.545 -6.703 -6.927 -7.133 -7.238 -7.379 -7.478 -7.695 -7.823 -8.019
0.02 0.14251 6.00000 151.9947662354 2.6336187652  128.471  6.401  4.6515  3.704    0  0.000  0.097     0.00     0.00     0.00     0.00     0.00 -1 -2.67e-05      0.00 6.317e-01 3.485e-01 1.141e-04 1.106e-02 1.953e-03 -1.000 1.976e-02 -11.232 -7.064 -6.834 -6.649 -6.568 -6.554 -6.550 -6.566 -6.676 -6.601 -6.558 -6.716 -6.940 -7.146 -7.251 -7.391 -7.491 -7.707 -7.835 -8.031
0.02 0.14251 6.00000 174.9368438721 2.6336187652  144.270  6.484  4.6632  3.718    0  0.000  0.204     0.00     0.00     0.00     0.00     0.00 -1 -3.46e-05      0.00 5.978e-01 3.826e-01 1.237e-04 1.185e-02 1.049e-03 -1.000 1.968e-02 -11.440 -7.189 -6.957 -6.770 -6.688 -6.672 -6.667 -6.681 -6.789 -6.720 -6.674 -6.828 -7.050 -7.251 -7.355 -7.495 -7.592 -7.808 -7.936 -8.129
0.02 0.14251 6.00000 199.9999847412 2.6336187652  160.748  6.562  4.6777  3.745    0  0.000  0.365     0.00     0.00     0.00     0.00     0.00 -1 -4.37e-05      0.00 5.607e-01 4.196e-01 1.297e-04 1.225e-02 5.855e-04 -1.000 1.963e-02 -11.634 -7.281 -7.046 -6.857 -6.773 -6.754 -6.747 -6.759 -6.865 -6.805 -6.753 -6.904 -7.123 -7.318 -7.420 -7.560 -7.654 -7.870 -7.996 -8.187
0.02 0.14251 6.00000 203.5074768066 2.6336187652  163.076  6.571  4.6791  3.747    0  0.000  0.384     0.00     0.00     0.00     0.00     0.00 -1  -4.5e-05      0.00 5.565e-01 4.239e-01 1.304e-04 1.229e-02 5.388e-04 -1.000 1.962e-02 -11.659 -7.296 -7.061 -6.871 -6.787 -6.768 -6.760 -6.773 -6.879 -6.820 -6.767 -6.917 -7.136 -7.330 -7.432 -7.573 -7.666 -7.882 -8.008 -8.198
0.02 0.14251 6.00000 227.9470672607 2.6336187652  179.113  6.635  4.6891  3.764    0  0.000  0.535     0.00     0.00     0.00     0.00     0.00 -1 -5.37e-05      0.00 5.292e-01 4.512e-01 1.337e-04 1.244e-02 3.571e-04 -1.000 1.960e-02 -11.819 -7.385 -7.148 -6.956 -6.871 -6.850 -6.841 -6.852 -6.957 -6.904 -6.847 -6.995 -7.212 -7.402 -7.503 -7.643 -7.735 -7.950 -8.076 -8.264
0.02 0.14251 6.00000 250.0000000000 2.6336187652  193.330  6.687  4.6983  3.783    0  0.000  0.669     0.00     0.00     0.00     0.00     0.00 -1 -6.12e-05      0.00 5.070e-01 4.734e-01 1.358e-04 1.251e-02 2.846e-04 -1.000 1.960e-02 -11.947 -7.448 -7.209 -7.017 -6.931 -6.907 -6.898 -6.908 -7.011 -6.963 -6.903 -7.048 -7.264 -7.450 -7.550 -7.690 -7.780 -7.995 -8.120 -8.306
0.02 0.14251 6.00000 294.2585754395 2.6336187652  220.762  6.772  4.7041  3.778    0  0.000  0.792     0.00     0.00     0.00     0.00     0.00 -1 -7.84e-05      0.00 4.893e-01 4.911e-01 1.381e-04 1.255e-02 2.372e-04 -1.000 1.957e-02 -12.161 -7.622 -7.383 -7.195 -7.110 -7.096 -7.092 -7.106 -7.218 -7.144 -7.099 -7.258 -7.485 -7.678 -7.781 -7.925 -8.015 -8.235 -8.362 -8.549
0.02 0.14251 6.00000 300.0000000000 2.6336187652  224.258  6.782  4.7048  3.778    0  0.000  0.806     0.00     0.00     0.00     0.00     0.00 -1 -8.07e-05      0.00 4.872e-01 4.932e-01 1.384e-04 1.255e-02 2.328e-04 -1.000 1.957e-02 -12.186 -7.642 -7.404 -7.216 -7.132 -7.118 -7.115 -7.130 -7.244 -7.166 -7.123 -7.284 -7.513 -7.707 -7.810 -7.955 -8.045 -8.265 -8.392 -8.580
0.02 0.14251 6.00000 347.3538818359 2.6336187652  255.521  6.865  4.7242  3.829    0  0.000  1.020     0.00     0.00     0.00     0.00     0.00 -1 -9.68e-05      0.00 4.430e-01 5.374e-01 1.414e-04 1.259e-02 1.854e-04  5.650 1.958e-02 -12.393 -7.705 -7.467 -7.283 -7.199 -7.194 -7.196 -7.214 -7.337 -7.235 -7.205 -7.379 -7.616 -7.811 -7.912 -8.066 -8.152 -8.378 -8.505 -8.696
#isochrone terminated