M_ini      Z_ini  OmOc_ini  M        logL     logTe_c  logTe_nc      MBol        MV       U-B       B-V       V-R       V-I       J-K       H-K       V-K       G-V     Gbp-V     Grp-V     GFlag        BC    r_pol   oblat   g_pol    Omega_S      v_eq   v_crit1   v_crit2  Om/Om_cr lg(Md) lg(Md_M) Ga_Ed         H1        He4        C12        C13        N14        O16        O17        O18       Ne20       Ne22       Al26
Isochrone for log(time) = 6.00000
  1.700  0.000400  0.000    1.700    1.1790    4.0521    4.0521    1.8024    2.4338   -0.2401   -0.0794   -0.0213   -0.0792   -0.0314   -0.0060   -0.1235   -0.0199   -0.0916    0.0688         0   -0.6314     1.02  1.0000   4.651  0.000E+00      0.00      0.00      0.00  0.0000   0.000   0.000   0.000  7.507E-01  2.489E-01  6.523E-05  7.916E-07  1.882E-05  1.634E-04  6.473E-08  3.686E-07  5.363E-05  4.337E-06  0.000E+00
  1.851  0.000400  0.000    1.851    1.3241    4.0837    4.0837    1.4396    2.2874   -0.3095   -0.1028   -0.0325   -0.1135   -0.0471   -0.0079   -0.1889   -0.0221   -0.1095    0.0984         0   -0.8478     1.04  1.0000   4.669  0.000E+00      0.00      0.00      0.00  0.0000   0.000   0.000   0.000  7.507E-01  2.489E-01  6.523E-05  7.916E-07  1.882E-05  1.634E-04  6.473E-08  3.686E-07  5.363E-05  4.337E-06  0.000E+00
  2.016  0.000400  0.000    2.016    1.4685    4.1147    4.1147    1.0787    2.1640   -0.3794   -0.1259   -0.0434   -0.1447   -0.0627   -0.0098   -0.2535   -0.0246   -0.1262    0.1252         0   -1.0853     1.07  1.0000   4.686  0.000E+00      0.00      0.00      0.00  0.0000   0.000   0.000   0.000  7.507E-01  2.489E-01  6.523E-05  7.916E-07  1.882E-05  1.634E-04  6.473E-08  3.686E-07  5.363E-05  4.337E-06  0.000E+00
  2.195  0.000400  0.000    2.195    1.6057    4.1416    4.1416    0.7356    2.0422   -0.4638   -0.1462   -0.0537   -0.1706   -0.0753   -0.0124   -0.3099   -0.0272   -0.1404    0.1474         0   -1.3065     1.10  1.0000   4.693  0.000E+00      0.00      0.00      0.00  0.0000   0.000   0.000   0.001  7.507E-01  2.489E-01  6.523E-05  7.916E-07  1.882E-05  1.634E-04  6.473E-08  3.686E-07  5.363E-05  4.337E-06  0.000E+00
  2.390  0.000400  0.000    2.390    1.7430    4.1685    4.1685    0.3926    1.9455   -0.5367   -0.1653   -0.0633   -0.2000   -0.0894   -0.0144   -0.3718   -0.0306   -0.1568    0.1726         0   -1.5529     1.14  1.0000   4.700  0.000E+00      0.00      0.00      0.00  0.0000   0.000   0.000   0.001  7.507E-01  2.489E-01  6.523E-05  7.916E-07  1.882E-05  1.634E-04  6.473E-08  3.686E-07  5.363E-05  4.337E-06  0.000E+00
  2.602  0.000400  0.000    2.602    1.8777    4.1937    4.1937    0.0559    1.8408   -0.5981   -0.1823   -0.0716   -0.2287   -0.1035   -0.0161   -0.4326   -0.0344   -0.1732    0.1971         0   -1.7850     1.19  1.0000   4.703  0.000E+00      0.00      0.00      0.00  0.0000   0.000   0.000   0.001  7.507E-01  2.489E-01  6.523E-05  7.916E-07  1.882E-05  1.634E-04  6.473E-08  3.686E-07  5.363E-05  4.337E-06  0.000E+00
  2.833  0.000400  0.000    2.833    2.0095    4.2169    4.2169   -0.2738    1.6811   -0.6555   -0.1985   -0.0791   -0.2502   -0.1158   -0.0183   -0.4862   -0.0377   -0.1858    0.2155         0   -1.9548     1.24  1.0000   4.701  0.000E+00      0.00      0.00      0.00  0.0000   0.000   0.000   0.001  7.507E-01  2.489E-01  6.523E-05  7.916E-07  1.882E-05  1.634E-04  6.473E-08  3.686E-07  5.363E-05  4.337E-06  0.000E+00
  3.085  0.000400  0.000    3.085    2.1398    4.2393    4.2393   -0.5995    1.4839   -0.7065   -0.2130   -0.0859   -0.2676   -0.1266   -0.0204   -0.5325   -0.0405   -0.1960    0.2303         0   -2.0834     1.30  1.0000   4.698  0.000E+00      0.00      0.00      0.00  0.0000   0.000   0.000   0.001  7.507E-01  2.489E-01  6.523E-05  7.916E-07  1.882E-05  1.634E-04  6.473E-08  3.686E-07  5.363E-05  4.337E-06  0.000E+00
  3.359  0.000400  0.000    3.359    2.2669    4.2600    4.2600   -0.9173    1.2599   -0.7466   -0.2244   -0.0914   -0.2817   -0.1348   -0.0216   -0.5675   -0.0429   -0.2045    0.2423         0   -2.1773     1.37  1.0000   4.690  0.000E+00      0.00      0.00      0.00  0.0000   0.000   0.000   0.002  7.507E-01  2.489E-01  6.523E-05  7.916E-07  1.882E-05  1.634E-04  6.473E-08  3.686E-07  5.363E-05  4.337E-06  0.000E+00
  3.658  0.000400  0.000    3.658    2.3940    4.2806    4.2806   -1.2351    1.0111   -0.7792   -0.2332   -0.0963   -0.2937   -0.1411   -0.0221   -0.5929   -0.0450   -0.2117    0.2525         0   -2.2462     1.44  1.0000   4.682  0.000E+00      0.00      0.00      0.00  0.0000   0.000   0.000   0.002  7.507E-01  2.489E-01  6.523E-05  7.916E-07  1.882E-05  1.634E-04  6.473E-08  3.686E-07  5.363E-05  4.337E-06  0.000E+00
  3.983  0.000400  0.000    3.983    2.5212    4.3012    4.3012   -1.5529    0.7499   -0.8077   -0.2408   -0.1006   -0.3042   -0.1463   -0.0223   -0.6136   -0.0470   -0.2181    0.2615         1   -2.3028     1.52  1.0000   4.675  0.000E+00      0.00      0.00      0.00  0.0000   0.000   0.000   0.002  7.507E-01  2.489E-01  6.523E-05  7.916E-07  1.882E-05  1.634E-04  6.473E-08  3.686E-07  5.363E-05  4.337E-06  0.000E+00
  4.337  0.000400  0.000    4.337    2.6443    4.3205    4.3205   -1.8609    0.4958   -0.8347   -0.2481   -0.1046   -0.3134   -0.1513   -0.0229   -0.6342   -0.0487   -0.2237    0.2693         1   -2.3566     1.60  1.0000   4.666  0.000E+00      0.00      0.00      0.00  0.0000   0.000   0.000   0.003  7.507E-01  2.489E-01  6.523E-05  7.916E-07  1.882E-05  1.634E-04  6.473E-08  3.686E-07  5.363E-05  4.337E-06  0.000E+00
  4.722  0.000400  0.000    4.722    2.7673    4.3396    4.3396   -2.1683    0.2466   -0.8612   -0.2554   -0.1083   -0.3223   -0.1562   -0.0236   -0.6551   -0.0505   -0.2292    0.2768         1   -2.4148     1.69  1.0000   4.656  0.000E+00      0.00      0.00      0.00  0.0000   0.000   0.000   0.003  7.507E-01  2.489E-01  6.523E-05  7.916E-07  1.882E-05  1.634E-04  6.473E-08  3.686E-07  5.363E-05  4.337E-06  0.000E+00
  5.142  0.000400  0.000    5.142    2.8886    4.3584    4.3584   -2.4715    0.0107   -0.8881   -0.2629   -0.1119   -0.3310   -0.1612   -0.0247   -0.6776   -0.0523   -0.2346    0.2843         1   -2.4822     1.78  1.0000   4.647  0.000E+00      0.00      0.00      0.00  0.0000  -0.970   0.000   0.004  7.507E-01  2.489E-01  6.523E-05  7.916E-07  1.882E-05  1.634E-04  6.473E-08  3.686E-07  5.363E-05  4.337E-06  0.000E+00
  5.599  0.000400  0.000    5.599    3.0066    4.3764    4.3764   -2.7664   -0.2076   -0.9151   -0.2705   -0.1153   -0.3397   -0.1664   -0.0261   -0.7018   -0.0541   -0.2400    0.2916         1   -2.5588     1.88  1.0000   4.638  0.000E+00      0.00      0.00      0.00  0.0000  -3.921   0.000   0.005  7.507E-01  2.489E-01  6.523E-05  7.916E-07  1.882E-05  1.634E-04  6.473E-08  3.686E-07  5.363E-05  4.337E-06  0.000E+00
  6.096  0.000400  0.000    6.096    3.1245    4.3943    4.3943   -3.0612   -0.4409   -0.9402   -0.2763   -0.1182   -0.3468   -0.1710   -0.0270   -0.7221   -0.0556   -0.2445    0.2976         1   -2.6203     1.98  1.0000   4.629  0.000E+00      0.00      0.00      0.00  0.0000  -6.873   0.000   0.006  7.507E-01  2.489E-01  6.523E-05  7.916E-07  1.882E-05  1.634E-04  6.473E-08  3.686E-07  5.363E-05  4.337E-06  0.000E+00
  6.638  0.000400  0.000    6.638    3.2424    4.4122    4.4122   -3.3561   -0.6732   -0.9657   -0.2816   -0.1208   -0.3534   -0.1757   -0.0279   -0.7427   -0.0570   -0.2487    0.3032         1   -2.6828     2.09  1.0000   4.619  0.000E+00      0.00      0.00      0.00  0.0000  -9.824   0.000   0.007  7.507E-01  2.489E-01  6.523E-05  7.916E-07  1.882E-05  1.634E-04  6.473E-08  3.686E-07  5.363E-05  4.337E-06  0.000E+00
  7.228  0.000400  0.000    7.228    3.3597    4.4296    4.4296   -3.6493   -0.9052   -0.9909   -0.2862   -0.1232   -0.3594   -0.1803   -0.0287   -0.7629   -0.0584   -0.2525    0.3083         1   -2.7441     2.21  1.0000   4.609  0.000E+00      0.00      0.00      0.00  0.0000 -11.490   0.000   0.009  7.507E-01  2.489E-01  6.523E-05  7.916E-07  1.882E-05  1.634E-04  6.473E-08  3.686E-07  5.363E-05  4.337E-06  0.000E+00
  7.870  0.000400  0.000    7.870    3.4750    4.4462    4.4462   -3.9374   -1.1345   -1.0156   -0.2901   -0.1253   -0.3647   -0.1849   -0.0294   -0.7825   -0.0596   -0.2559    0.3128         1   -2.8029     2.34  1.0000   4.597  0.000E+00      0.00      0.00      0.00  0.0000 -11.034   0.000   0.011  7.507E-01  2.489E-01  6.523E-05  7.916E-07  1.882E-05  1.634E-04  6.473E-08  3.686E-07  5.363E-05  4.337E-06  0.000E+00
  8.570  0.000400  0.000    8.570    3.5902    4.4628    4.4628   -4.2255   -1.3620   -1.0405   -0.2935   -0.1272   -0.3697   -0.1895   -0.0301   -0.8022   -0.0607   -0.2590    0.3170         1   -2.8635     2.47  1.0000   4.585  0.000E+00      0.00      0.00      0.00  0.0000 -10.579   0.000   0.012  7.507E-01  2.489E-01  6.523E-05  7.916E-07  1.882E-05  1.634E-04  6.473E-08  3.686E-07  5.363E-05  4.337E-06  0.000E+00
  9.331  0.000400  0.000    9.331    3.7035    4.4789    4.4789   -4.5087   -1.5716   -1.0616   -0.2976   -0.1293   -0.3755   -0.1938   -0.0308   -0.8203   -0.0621   -0.2628    0.3220         1   -2.9372     2.61  1.0000   4.573  0.000E+00      0.00      0.00      0.00  0.0000 -10.181   0.000   0.015  7.507E-01  2.489E-01  6.523E-05  7.916E-07  1.882E-05  1.634E-04  6.473E-08  3.686E-07  5.363E-05  4.337E-06  0.000E+00
 10.161  0.000400  0.000   10.160    3.8143    4.4946    4.4946   -4.7858   -1.7708   -1.0806   -0.3016   -0.1313   -0.3814   -0.1978   -0.0315   -0.8374   -0.0635   -0.2666    0.3270         1   -3.0151     2.76  1.0000   4.562  0.000E+00      0.00      0.00      0.00  0.0000  -9.860   0.000   0.018  7.507E-01  2.489E-01  6.523E-05  7.916E-07  1.882E-05  1.634E-04  6.473E-08  3.686E-07  5.363E-05  4.337E-06  0.000E+00
 11.063  0.000400  0.000   11.063    3.9258    4.5102    4.5102   -5.0646   -1.9649   -1.0982   -0.3059   -0.1334   -0.3877   -0.2018   -0.0321   -0.8540   -0.0650   -0.2706    0.3322         1   -3.0997     2.92  1.0000   4.550  0.000E+00      0.00      0.00      0.00  0.0000  -9.538   0.000   0.021  7.507E-01  2.489E-01  6.523E-05  7.916E-07  1.882E-05  1.634E-04  6.473E-08  3.686E-07  5.363E-05  4.337E-06  0.000E+00
 12.047  0.000400  0.000   12.046    4.0372    4.5257    4.5257   -5.3429   -2.1517   -1.1141   -0.3103   -0.1355   -0.3943   -0.2056   -0.0328   -0.8699   -0.0666   -0.2749    0.3378         1   -3.1912     3.09  1.0000   4.538  0.000E+00      0.00      0.00      0.00  0.0000  -9.222   0.000   0.024  7.507E-01  2.489E-01  6.523E-05  7.916E-07  1.882E-05  1.634E-04  6.473E-08  3.686E-07  5.363E-05  4.337E-06  0.000E+00
 13.117  0.000400  0.000   13.116    4.1438    4.5403    4.5403   -5.6096   -2.3261   -1.1275   -0.3146   -0.1376   -0.4009   -0.2091   -0.0334   -0.8842   -0.0682   -0.2792    0.3434         1   -3.2835     3.27  1.0000   4.526  0.000E+00      0.00      0.00      0.00  0.0000  -9.018   0.000   0.029  7.507E-01  2.489E-01  6.523E-05  7.916E-07  1.882E-05  1.634E-04  6.473E-08  3.686E-07  5.363E-05  4.337E-06  0.000E+00
 14.283  0.000400  0.000   14.281    4.2507    4.5549    4.5549   -5.8769   -2.4951   -1.1392   -0.3192   -0.1397   -0.4078   -0.2125   -0.0339   -0.8979   -0.0700   -0.2838    0.3493         1   -3.3818     3.46  1.0000   4.515  0.000E+00      0.00      0.00      0.00  0.0000  -8.815   0.000   0.034  7.507E-01  2.489E-01  6.523E-05  7.916E-07  1.882E-05  1.634E-04  6.473E-08  3.686E-07  5.363E-05  4.337E-06  0.000E+00
 15.552  0.000400  0.000   15.550    4.3556    4.5692    4.5692   -6.1389   -2.6607   -1.1495   -0.3236   -0.1415   -0.4137   -0.2159   -0.0345   -0.9122   -0.0715   -0.2876    0.3542         1   -3.4782     3.65  1.0000   4.504  0.000E+00      0.00      0.00      0.00  0.0000  -8.703   0.000   0.040  7.507E-01  2.489E-01  6.523E-05  7.916E-07  1.882E-05  1.634E-04  6.473E-08  3.686E-07  5.363E-05  4.337E-06  0.000E+00
 16.934  0.000400  0.000   16.932    4.4576    4.5829    4.5829   -6.3939   -2.8205   -1.1581   -0.3278   -0.1431   -0.4188   -0.2194   -0.0351   -0.9263   -0.0728   -0.2911    0.3586         1   -3.5734     3.86  1.0000   4.494  0.000E+00      0.00      0.00      0.00  0.0000  -8.715   0.000   0.047  7.507E-01  2.489E-01  6.523E-05  7.916E-07  1.882E-05  1.634E-04  6.473E-08  3.686E-07  5.363E-05  4.337E-06  0.000E+00
 18.439  0.000400  0.000   18.437    4.5598    4.5966    4.5966   -6.6495   -2.9782   -1.1654   -0.3321   -0.1446   -0.4237   -0.2228   -0.0356   -0.9406   -0.0741   -0.2943    0.3627         1   -3.6713     4.07  1.0000   4.483  0.000E+00      0.00      0.00      0.00  0.0000  -8.725   0.000   0.054  7.507E-01  2.489E-01  6.523E-05  7.916E-07  1.882E-05  1.634E-04  6.473E-08  3.686E-07  5.363E-05  4.337E-06  0.000E+00
 20.078  0.000400  0.000   20.076    4.6621    4.6102    4.6102   -6.9052   -3.1341   -1.1712   -0.3364   -0.1461   -0.4283   -0.2263   -0.0362   -0.9550   -0.0753   -0.2973    0.3665         1   -3.7711     4.30  1.0000   4.473  0.000E+00      0.00      0.00      0.00  0.0000  -8.725   0.000   0.062  7.507E-01  2.489E-01  6.523E-05  7.916E-07  1.882E-05  1.634E-04  6.473E-08  3.686E-07  5.363E-05  4.337E-06  0.000E+00
 21.862  0.000400  0.000   21.859    4.7582    4.6227    4.6227   -7.1456   -3.2814   -1.1754   -0.3404   -0.1474   -0.4322   -0.2295   -0.0367   -0.9683   -0.0764   -0.2999    0.3698         1   -3.8642     4.54  1.0000   4.463  0.000E+00      0.00      0.00      0.00  0.0000  -8.558   0.000   0.072  7.507E-01  2.489E-01  6.523E-05  7.916E-07  1.882E-05  1.634E-04  6.473E-08  3.686E-07  5.363E-05  4.337E-06  0.000E+00
 23.805  0.000400  0.000   23.801    4.8546    4.6352    4.6352   -7.3864   -3.4279   -1.1785   -0.3444   -0.1485   -0.4357   -0.2327   -0.0373   -0.9817   -0.0774   -0.3023    0.3728         1   -3.9585     4.79  1.0000   4.454  0.000E+00      0.00      0.00      0.00  0.0000  -8.390   0.000   0.082  7.507E-01  2.489E-01  6.523E-05  7.916E-07  1.882E-05  1.634E-04  6.473E-08  3.686E-07  5.363E-05  4.337E-06  0.000E+00
 25.920  0.000400  0.000   25.914    4.9486    4.6471    4.6471   -7.6214   -3.5715   -1.1803   -0.3483   -0.1496   -0.4388   -0.2358   -0.0378   -0.9947   -0.0782   -0.3043    0.3753         1   -4.0499     5.05  1.0000   4.444  0.000E+00      0.00      0.00      0.00  0.0000  -8.231   0.000   0.093  7.507E-01  2.489E-01  6.523E-05  7.916E-07  1.882E-05  1.634E-04  6.473E-08  3.686E-07  5.363E-05  4.337E-06  0.000E+00
 28.224  0.000400  0.000   28.216    5.0392    4.6582    4.6582   -7.8481   -3.7126   -1.1826   -0.3519   -0.1508   -0.4423   -0.2385   -0.0383   -1.0063   -0.0792   -0.3067    0.3783         1   -4.1355     5.33  1.0000   4.435  0.000E+00      0.00      0.00      0.00  0.0000  -8.084   0.000   0.106  7.507E-01  2.489E-01  6.523E-05  7.916E-07  1.882E-05  1.634E-04  6.473E-08  3.686E-07  5.363E-05  4.337E-06  0.000E+00
 30.732  0.000400  0.000   30.721    5.1300    4.6693    4.6693   -8.0751   -3.8547   -1.1858   -0.3553   -0.1523   -0.4467   -0.2410   -0.0388   -1.0170   -0.0804   -0.3097    0.3820         1   -4.2204     5.62  1.0000   4.425  0.000E+00      0.00      0.00      0.00  0.0000  -7.936   0.000   0.119  7.507E-01  2.489E-01  6.523E-05  7.916E-07  1.882E-05  1.634E-04  6.473E-08  3.686E-07  5.363E-05  4.337E-06  0.000E+00
 33.463  0.000400  0.000   33.448    5.2177    4.6796    4.6796   -8.2943   -3.9945   -1.1887   -0.3585   -0.1537   -0.4511   -0.2433   -0.0392   -1.0268   -0.0816   -0.3126    0.3857         1   -4.2998     5.93  1.0000   4.416  0.000E+00      0.00      0.00      0.00  0.0000  -7.799   0.000   0.134  7.507E-01  2.489E-01  6.523E-05  7.916E-07  1.882E-05  1.634E-04  6.473E-08  3.686E-07  5.363E-05  4.337E-06  0.000E+00
 36.436  0.000400  0.000   36.417    5.3026    4.6893    4.6893   -8.5064   -4.1326   -1.1916   -0.3615   -0.1552   -0.4554   -0.2454   -0.0397   -1.0356   -0.0829   -0.3156    0.3894         1   -4.3738     6.25  1.0000   4.407  0.000E+00      0.00      0.00      0.00  0.0000  -7.670   0.000   0.150  7.507E-01  2.489E-01  6.523E-05  7.916E-07  1.882E-05  1.634E-04  6.473E-08  3.686E-07  5.363E-05  4.337E-06  0.000E+00
 39.674  0.000400  0.000   39.649    5.3874    4.6988    4.6988   -8.7186   -4.2713   -1.1945   -0.3643   -0.1567   -0.4600   -0.2473   -0.0401   -1.0440   -0.0842   -0.3187    0.3932         1   -4.4472     6.60  1.0000   4.397  0.000E+00      0.00      0.00      0.00  0.0000  -7.541   0.000   0.166  7.507E-01  2.489E-01  6.523E-05  7.916E-07  1.882E-05  1.634E-04  6.473E-08  3.686E-07  5.363E-05  4.337E-06  0.000E+00
 43.200  0.000400  0.000   43.167    5.4652    4.7068    4.7068   -8.9130   -4.4048   -1.1971   -0.3667   -0.1580   -0.4641   -0.2489   -0.0405   -1.0509   -0.0854   -0.3215    0.3966         1   -4.5083     6.96  1.0000   4.388  0.000E+00      0.00      0.00      0.00  0.0000  -7.431   0.000   0.184  7.507E-01  2.489E-01  6.523E-05  7.916E-07  1.882E-05  1.634E-04  6.473E-08  3.686E-07  5.363E-05  4.337E-06  0.000E+00
 47.039  0.000400  0.000   46.997    5.5423    4.7145    4.7145   -9.1057   -4.5385   -1.1997   -0.3690   -0.1594   -0.4682   -0.2504   -0.0408   -1.0573   -0.0866   -0.3243    0.4001         1   -4.5672     7.34  1.0000   4.379  0.000E+00      0.00      0.00      0.00  0.0000  -7.323   0.000   0.204  7.507E-01  2.489E-01  6.523E-05  7.916E-07  1.882E-05  1.634E-04  6.473E-08  3.686E-07  5.363E-05  4.337E-06  0.000E+00
 51.219  0.000400  0.000   51.165    5.6194    4.7221    4.7221   -9.2984   -4.6756   -1.2021   -0.3712   -0.1606   -0.4718   -0.2518   -0.0412   -1.0636   -0.0877   -0.3268    0.4032         1   -4.6228     7.74  1.0000   4.369  0.000E+00      0.00      0.00      0.00  0.0000  -7.215   0.000   0.223  7.507E-01  2.489E-01  6.523E-05  7.916E-07  1.882E-05  1.634E-04  6.473E-08  3.686E-07  5.363E-05  4.337E-06  0.000E+00
 55.771  0.000400  0.000   55.703    5.6964    4.7296    4.7296   -9.4910   -4.8157   -1.2043   -0.3734   -0.1617   -0.4750   -0.2533   -0.0415   -1.0699   -0.0886   -0.3290    0.4058         1   -4.6752     8.17  1.0000   4.359  0.000E+00      0.00      0.00      0.00  0.0000  -7.106   0.000   0.243  7.507E-01  2.489E-01  6.523E-05  7.916E-07  1.882E-05  1.634E-04  6.473E-08  3.686E-07  5.363E-05  4.337E-06  0.000E+00
 60.727  0.000400  0.000   60.642    5.7723    4.7368    4.7368   -9.6806   -4.9564   -1.2063   -0.3754   -0.1626   -0.4780   -0.2547   -0.0418   -1.0758   -0.0895   -0.3310    0.4083         1   -4.7242     8.63  1.0000   4.349  0.000E+00      0.00      0.00      0.00  0.0000  -6.999   0.000   0.263  7.507E-01  2.489E-01  6.523E-05  7.916E-07  1.882E-05  1.634E-04  6.473E-08  3.686E-07  5.363E-05  4.337E-06  0.000E+00
 66.124  0.000400  0.000   66.019    5.8410    4.7423    4.7423   -9.8524   -5.0906   -1.2078   -0.3769   -0.1634   -0.4803   -0.2557   -0.0420   -1.0804   -0.0902   -0.3326    0.4103         1   -4.7618     9.10  1.0000   4.339  0.000E+00      0.00      0.00      0.00  0.0000  -6.910   0.000   0.285  7.507E-01  2.489E-01  6.523E-05  7.916E-07  1.882E-05  1.634E-04  6.473E-08  3.686E-07  5.363E-05  4.337E-06  0.000E+00
 72.000  0.000400  0.000   71.873    5.9096    4.7478    4.7478  -10.0241   -5.2259   -1.2093   -0.3784   -0.1641   -0.4825   -0.2568   -0.0422   -1.0848   -0.0909   -0.3341    0.4122         1   -4.7982     9.61  1.0000   4.329  0.000E+00      0.00      0.00      0.00  0.0000  -6.820   0.000   0.307  7.507E-01  2.489E-01  6.523E-05  7.916E-07  1.882E-05  1.634E-04  6.473E-08  3.686E-07  5.363E-05  4.337E-06  0.000E+00
 78.399  0.000400  0.000   78.243    5.9783    4.7531    4.7531  -10.1957   -5.3622   -1.2108   -0.3799   -0.1648   -0.4847   -0.2578   -0.0425   -1.0891   -0.0916   -0.3357    0.4140         1   -4.8334    10.15  1.0000   4.318  0.000E+00      0.00      0.00      0.00  0.0000  -6.730   0.000   0.329  7.507E-01  2.489E-01  6.523E-05  7.916E-07  1.882E-05  1.634E-04  6.473E-08  3.686E-07  5.363E-05  4.337E-06  0.000E+00
 85.366  0.000400  0.000   85.177    6.0465    4.7582    4.7582  -10.3662   -5.4995   -1.2121   -0.3813   -0.1655   -0.4868   -0.2587   -0.0427   -1.0931   -0.0922   -0.3371    0.4157         1   -4.8667    10.72  1.0000   4.307  0.000E+00      0.00      0.00      0.00  0.0000  -6.639   0.000   0.352  7.507E-01  2.489E-01  6.523E-05  7.916E-07  1.882E-05  1.634E-04  6.473E-08  3.686E-07  5.363E-05  4.337E-06  4.839E-31
 92.952  0.000400  0.000   92.728    6.1086    4.7618    4.7618  -10.5216   -5.6312   -1.2132   -0.3823   -0.1660   -0.4883   -0.2594   -0.0428   -1.0960   -0.0927   -0.3381    0.4170         1   -4.8904    11.33  1.0000   4.297  0.000E+00      0.00      0.00      0.00  0.0000  -6.561   0.000   0.374  7.507E-01  2.489E-01  6.523E-05  7.916E-07  1.882E-05  1.634E-04  6.473E-08  3.686E-07  5.363E-05  4.337E-06  1.110E-29
101.212  0.000400  0.000  100.946    6.1707    4.7653    4.7653  -10.6768   -5.7637   -1.2141   -0.3832   -0.1665   -0.4897   -0.2601   -0.0429   -1.0989   -0.0931   -0.3391    0.4182         1   -4.9131    11.97  1.0000   4.285  0.000E+00      0.00      0.00      0.00  0.0000  -6.483   0.000   0.397  7.507E-01  2.489E-01  6.523E-05  7.916E-07  1.882E-05  1.634E-04  6.473E-08  3.686E-07  5.363E-05  4.337E-06  2.545E-29
110.206  0.000400  0.000  109.891    6.2326    4.7686    4.7686  -10.8315   -5.8968   -1.2151   -0.3842   -0.1669   -0.4911   -0.2607   -0.0431   -1.1016   -0.0935   -0.3401    0.4194         1   -4.9347    12.66  1.0000   4.274  0.000E+00      0.00      0.00      0.00  0.0000  -6.404   0.000   0.420  7.507E-01  2.489E-01  6.523E-05  7.916E-07  1.882E-05  1.634E-04  6.473E-08  3.686E-07  5.363E-05  4.337E-06  4.339E-29
120.000  0.000400  0.000  119.626    6.2944    4.7718    4.7718  -10.9859   -6.0309   -1.2159   -0.3851   -0.1674   -0.4924   -0.2613   -0.0432   -1.1041   -0.0939   -0.3410    0.4205         1   -4.9550    13.39  1.0000   4.262  0.000E+00      0.00      0.00      0.00  0.0000  -6.325   0.000   0.443  7.507E-01  2.489E-01  6.523E-05  7.916E-07  1.882E-05  1.634E-04  6.473E-08  3.686E-07  5.363E-05  4.337E-06  6.475E-29
